# Created by Octave 6.2.0, Sat May 21 20:41:21 2022 UTC <www-data@d0ee2d94156a>
# name: x
# type: matrix
# rows: 501
# columns: 5
 0 0 0 0 0
 0.011089065068964449 1.2882195746318921 -0.0060460325181126151 8.387981624389349 -5.7432803515862342e-05
 0.025240953578120697 1.5284206247448962 -0.0071338750437303115 7.7627302999599088 -0.00012370677800881198
 0.041523825668207226 1.7214826379562855 -0.0080008334085093849 6.9755872958295333 -0.0001995348165549635
 0.059537025433250568 1.8744388239832572 -0.0086828509399091321 6.1158014900585647 -0.00028310794680698573
 0.078878146840892227 1.9870811362685075 -0.0091794002790132282 5.2025407405521964 -0.00037257326651187367
 0.099145602730007248 2.0598314071799821 -0.0094927871389294156 4.2542415823242319 -0.00046608508279975212
 0.11994529592374412 2.0937577076995906 -0.0096282627560934208 3.2888665175999972 -0.00056183567245099918
 0.14089681704610965 2.0905197355934209 -0.0095937690014799119 2.323633330527926 -0.00065808350608843554
 0.16163905637820367 2.0523069174054411 -0.0093996502587581875 1.3747683130760731 -0.00075317873668096728
 0.18183516872947272 1.9817711529084057 -0.0090583414237693279 0.45729031017442789 -0.00084558568178547979
 0.20117684498353133 1.8819556447109749 -0.0085840386665072075 -0.41517252122010007 -0.00093390209410093756
 0.21938785830386867 1.7562212349743758 -0.0079923594835419227 -1.2305320362174541 -0.0010168750807205971
 0.23622686702355314 1.6081716314042069 -0.0072999983737599364 -1.978354946146343 -0.0010934135958547556
 0.25148946977767961 1.4415788439633241 -0.0065243841801030829 -2.6499432319388223 -0.0011625974937494916
 0.26500952126911081 1.2603100742948135 -0.0056833447648353286 -3.2383807521948853 -0.0012236831871441608
 0.27665972901160668 1.0682572040624354 -0.004794784236941102 -3.7385472040226286 -0.001276106011097711
 0.28635156231911263 0.86926991885833926 -0.0038763774393505241 -4.1471010773206967 -0.0013194794416920006
 0.29403451458115237 0.66709338362838677 -0.0029452858429487162 -4.4624336704240122 -0.0013535913634299779
 0.29969476838386472 0.46531125639421722 -0.0020178983960523729 -4.684596602962932 -0.0013783976176509388
 0.303353320232844 0.26729469206743928 -0.0011096002544457089 -4.8152055676097785 -0.0013940130966700252
 0.30506362746254811 0.076157849959306967 -0.00023457168010237225 -4.8573233045291904 -0.0014007006744214921
 0.30490884435818261 -0.10527972030250887 0.00059438124213846179 -4.8153249603955235 -0.0013988582840691987
 0.30299871757466407 -0.27452357695365293 0.0013659630505708934 -4.6947491084790887 -0.001389004466379173
 0.29946621264148165 -0.42942766420007072 0.0020704921067819793 -4.5021377592479865 -0.0013717627197686909
 0.29446394374115809 -0.56821039350296165 0.0026999707240942406 -4.2448686848369714 -0.0013478449840911831
 0.28816047811084483 -0.68946367100147543 0.0032481229446496198 -3.9309833190936221 -0.0013180345857104194
 0.28073658442652316 -0.79215512446061775 0.0037104011882351951 -3.5690133819527237 -0.0012831689616612258
 0.27238149148697466 -0.87562388295403859 0.0040839634492398028 -3.1678092174599897 -0.0012441224661531487
 0.26328921953174617 -0.9395703506384121 0.0043676231171843466 -2.7363726342172967 -0.001201789543867455
 0.25365504172479153 -0.98404049163615714 0.0045617738374904744 -2.2836968010886505 -0.0011570685319879323
 0.24367212784118117 -1.0094052056610254 0.004668292110125899 -1.8186154856900369 -0.0011108463272835381
 0.23352841614038475 -1.0163354232927124 0.0046904205432248946 -1.3496636346373947 -0.001063984126435766
 0.223403752930116 -1.0057735856700829 0.004632634836572511 -0.8849509889332694 -0.0010173044177924891
 0.21346733255301323 -0.9789021959949038 0.0045004976668491514 -0.43205011135291116 -0.00097157937144609586
 0.20387546359519765 -0.93711013999934978 0.0043005026846189148 0.0021001188036429141 -0.0009275207425762437
 0.19476968014689217 -0.88195747000556568 0.0040399118149544617 0.41127480900310065 -0.00088577137094272721
 0.1862752100600536 -0.81513933314259535 0.0037265889828547033 0.79002673492715836 -0.00084689832780649225
 0.17849980545737149 -0.73844969958429574 0.0033688332654435021 1.1337332838777634 -0.00081138773090266619
 0.17153293435236561 -0.65374551235811729 0.0029752143101241368 1.4386268321352942 -0.00077964121884941144
 0.16544532623222208 -0.56291183747813234 0.0025544126566514908 1.701808997012507 -0.00075197404896101144
 0.16028885891229069 -0.46782854308354338 0.002115067367061553 1.9212494502424677 -0.00072861475719914793
 0.15609676896031374 -0.37033898017626021 0.001665633106387108 2.0957701995594054 -0.00070970629624196222
 0.15288416356319284 -0.272221076736888 0.0012142485350296857 2.2250164376486001 -0.00069530854761644205
 0.15064880791021618 -0.17516119275200626 0.0007686175765038274 2.3094152204233502 -0.00068540208670663395
 0.14937215902207243 -0.080731017284697559 0.00033590481788615695 2.3501233687925556 -0.00067989306533964601
 0.14902061447997467 0.0096322785945457401 -7.7354009628733539e-05 2.3489660892444473 -0.00067861906562708438
 0.14954694270696745 0.094642486243451174 -0.00046532583072387071 2.3083678787725015 -0.00068135577080957656
 0.15089186031565896 0.17317732013822029 -0.00082293796828180384 2.2312773195062423 -0.00068782429397199819
 0.15298572154417686 0.24428787695989906 -0.0011459197793146922 2.1210873789570748 -0.00069769900357380431
 0.15575028492629553 0.30720463513841656 -0.0014308284094796406 1.9815528145523968 -0.00071061568563495631
 0.15910052304491967 0.36134009268625289 -0.0016750591453447081 1.8167062379962218 -0.00072617988595630287
 0.16294644245533318 0.40628819207481959 -0.001876841075097932 1.6307743281745442 -0.00074397528172261585
 0.16719488258435553 0.44182072640060488 -0.0020352189746648533 1.4280955933033086 -0.00076357193999674082
 0.17175126455714013 0.46788096070154017 -0.0021500225152008261 1.2130409764942387 -0.00078453433070140249
 0.17652126341425495 0.48457473568844489 -0.0022218240382089836 0.98993847674368318 -0.00080642897342066697
 0.18141237999468399 0.49215934814666018 -0.0022518862652249417 0.76300282248558027 -0.00082883161044390813
 0.18633539181081341 0.49103052275359005 -0.0022421013997754547 0.53627109028919495 -0.00085133381262329842
 0.19120566546437365 0.48170780407759639 -0.0021949231403527395 0.31354501001390478 -0.00087354893952265415
 0.19594431648358338 0.46481870520846491 -0.0021132931551303882 0.09834054268654846 -0.000895117390706607
 0.20047920583912607 0.44108195105413572 -0.002000563573211633 -0.10615483863354136 -0.00091571110056933957
 0.20474576576063547 0.41129015014639081 -0.0018604170248818332 -0.29711688901205235 -0.00093503724455968717
 0.20868765077025347 0.37629221923202461 -0.0016967857165252611 -0.47211122688460527 -0.00095284113976960437
 0.21225721302411224 0.33697587045534427 -0.0015137709567560635 -0.62911188200669343 -0.00096890833738164388
 0.21541580405981867 0.29425045208777889 -0.001315564461348155 -0.7665119087357688 -0.00098306591820724004
 0.21813390784720194 0.24903041109952317 -0.0011063726583652499 -0.8831263419595814 -0.00099518301530572887
 0.22039111259559693 0.2022196199966122 -0.00089034509426594386 -0.97818788584441663 -0.0010051705992957689
 0.22217593105475367 0.1546967818841174 -0.00067150790954759957 -1.0513358253908933 -0.0010129805723259756
 0.2234854810353149 0.107302097289943 -0.00045370321158648592 -1.1025987366235857 -0.0010186042256587239
 0.22432503955217947 0.060825344518424584 -0.00024053502559929357 -1.1323716424634558 -0.0010220701233676697
 0.22470748534965382 0.015995492809875778 -3.5322354895526986e-05 -1.1413883175802759 -0.0010234414807113836
 0.22465264559677142 -0.026528065050366534 0.00015894026849620074 -1.1306894867103736 -0.0010228131103059482
 0.22418656324594852 -0.066162606245066424 0.00033961450961897226 -1.1015876872253365 -0.0010203080122879703
 0.22334070193504493 -0.10240747441205511 0.00050444214288799648 -1.0556295785628134 -0.0010160736862703035
