# Created by Octave 6.2.0, Sat May 21 20:41:21 2022 UTC <www-data@d0ee2d94156a>
# name: y
# type: matrix
# rows: 501
# columns: 1
 0
 -0.0060460325181126151
 -0.0071338750437303115
 -0.0080008334085093849
 -0.0086828509399091321
 -0.0091794002790132282
 -0.0094927871389294156
 -0.0096282627560934208
 -0.0095937690014799119
 -0.0093996502587581875
 -0.0090583414237693279
 -0.0085840386665072075
 -0.0079923594835419227
 -0.0072999983737599364
 -0.0065243841801030829
 -0.0056833447648353286
 -0.004794784236941102
 -0.0038763774393505241
 -0.0029452858429487162
 -0.0020178983960523729
 -0.0011096002544457089
 -0.00023457168010237225
 0.00059438124213846179
 0.0013659630505708934
 0.0020704921067819793
 0.0026999707240942406
 0.0032481229446496198
 0.0037104011882351951
 0.0040839634492398028
 0.0043676231171843466
 0.0045617738374904744
 0.004668292110125899
 0.0046904205432248946
 0.004632634836572511
 0.0045004976668491514
 0.0043005026846189148
 0.0040399118149544617
 0.0037265889828547033
 0.0033688332654435021
 0.0029752143101241368
 0.0025544126566514908
 0.002115067367061553
 0.001665633106387108
 0.0012142485350296857
 0.0007686175765038274
 0.00033590481788615695
 -7.7354009628733539e-05
 -0.00046532583072387071
 -0.00082293796828180384
 -0.0011459197793146922
 -0.0014308284094796406
 -0.0016750591453447081
 -0.001876841075097932
 -0.0020352189746648533
 -0.0021500225152008261
 -0.0022218240382089836
 -0.0022518862652249417
 -0.0022421013997754547
 -0.0021949231403527395
 -0.0021132931551303882
 -0.002000563573211633
 -0.0018604170248818332
 -0.0016967857165252611
 -0.0015137709567560635
 -0.001315564461348155
 -0.0011063726583652499
 -0.00089034509426594386
 -0.00067150790954759957
 -0.00045370321158648592
 -0.00024053502559929357
 -3.5322354895526986e-05
 0.00015894026849620074
 0.00033961450961897226
 0.00050444214288799648
 0.00065156119757467466
 0.00077951451109859685
 0.0008872509824147598
 0.00097411992377076286
 0.0010398590023090945
 0.0010845763425695069
 0.0011087274263501933
 0.0011130874773283214
 0.0010987200542940632
 0.0010669425990374563
 0.0010192896932900136
 0.00095747477431706082
 0.0008833510416190191
 0.0007988722587275749
 0.00070605411540527671
 0.00060693676791177993
 0.00050354911970313873
 0.00039787534335170276
 0.00029182407801003982
 0.00018720066679136973
 8.5682726378061118e-05
 -1.1200731668059745e-05
 -0.00010208648076457522
 -0.00018579048387094583
 -0.00026131751417918497
 -0.00032786704749160692
 -0.00038483554136002369
 -0.00043181527022194757
 -0.0004685899339725904
 -0.00049512729918855126
 -0.00051156916723638091
 -0.00051821899155605772
 -0.00051552748743395865
 -0.00050407659162221303
 -0.00048456213638666413
 -0.00045777560324385385
 -0.00042458531614327118
 -0.00038591742261241593
 -0.0003427369949272974
 -0.00029602956227631899
 -0.00024678335977250734
 -0.00019597255169070699
 -0.0001445416551353277
 -9.3391357159116478e-05
 -4.3365883828330037e-05
 4.7579554777960401e-06
 5.0279960504075877e-05
 9.2583915977226608e-05
 0.00013114313118515585
 0.00016552415559466498
 0.00019538871279452079
 0.00022049392258795871
 0.00024069090583943211
 0.00025592188844646493
 0.00026621593936583532
 0.00027168349284618313
 0.00027250981684204777
 0.00026894759800376832
 0.00026130881870758092
 0.00024995610341768844
 0.00023529371041264638
 0.00021775834076060742
 0.00019780992962751664
 0.00017592257581590994
 0.00015257575415126689
 0.00012824594226776113
 0.00010339877881828784
 7.8481854472667138e-05
 5.3918220602054007e-05
 3.0100683599453872e-05
 7.3869356690585766e-06
 -1.3904444071834339e-05
 -3.349710091669466e-05
 -5.1159126977750637e-05
 -6.6704408364260705e-05
 -7.9993124751768369e-05
 -9.0931441632341632e-05
 -9.9470446799737773e-05
 -0.00010560439237321858
 -0.00010936831182229399
 -0.0001108350879762722
 -0.00011011205287144062
 -0.00010733720351815447
 -0.00010267511929967429
 -9.6312666809124717e-05
 -8.8454576576709083e-05
 -7.9318973442568837e-05
 -6.9132938413682225e-05
 -5.8128174842168694e-05
 -4.65368458233981e-05
 -3.45876429895366e-05
 -2.2502139525318147e-05
 -1.0491472417691397e-05
 1.2466091721266906e-06
 1.2530300802794311e-05
 2.3195884584416293e-05
 3.3099443767697044e-05
 4.2118145796340989e-05
 5.0151097033161035e-05
 5.7119779390069417e-05
 6.2968085536447768e-05
 6.7661975154050501e-05
 7.1188779789651928e-05
 7.3556188184115655e-05
 7.4790947499468567e-05
 7.4937318608989632e-05
 7.4055325559391032e-05
 7.2218840471838588e-05
 6.9513545545771965e-05
 6.6034813502968519e-05
 6.1885546806463194e-05
 5.717401436512292e-05
 5.2011722253225354e-05
 4.6511352303760765e-05
 4.0784799347518171e-05
 3.494133444314259e-05
 2.9085917753371437e-05
 2.331768084682783e-05
 1.7728594218874467e-05
 1.2402331802528928e-05
 7.4133402509987678e-06
 2.8261168823024915e-06
 -1.3053035566000515e-06
 -4.9376566699553884e-06
 -8.0385573637828736e-06
 -1.0586419556542215e-05
 -1.2570198871456571e-05
 -1.3988972807414853e-05
 -1.4851374785875698e-05
 -1.5174899987060314e-05
 -1.4985102015965465e-05
 -1.4314700181098511e-05
 -1.3202617535814504e-05
 -1.1692969839055198e-05
 -9.834025259893367e-06
 -7.6771540034820465e-06
 -5.2757861038303655e-06
 -2.6843944433401629e-06
 4.2481345317348096e-08
 2.8511560263462521e-06
 5.689652620801712e-06
 8.5084784835886412e-06
 1.126131501287455e-05
 1.3905614353102932e-05
 1.6403098398452484e-05
 1.8720157316427094e-05
 2.0828146660988554e-05
 2.2703583903698615e-05
 2.432824685552528e-05
 2.5689177959961618e-05
 2.6778599792662457e-05
 2.7593748289707343e-05
 2.8136631235686771e-05
 2.8413720367223907e-05
 2.8435586084086042e-05
 2.8216484208740122e-05
 2.7773904499399024e-05
 2.7128090707339604e-05
 2.6301541885423961e-05
 2.5318504412470862e-05
 2.4204463810565367e-05
 2.2985644914414079e-05
 2.1688528319709771e-05
 2.0339390308276445e-05
 1.8963872639388146e-05
 1.7586587727353754e-05
 1.6230763813110741e-05
 1.4917933800226955e-05
 1.3667670480467346e-05
 1.2497369937299746e-05
 1.1422084002614408e-05
 1.0454401766708463e-05
 9.6043793164270891e-06
 8.8795161127122949e-06
 8.2847757255704799e-06
 7.8226480295000636e-06
 7.4932494315777323e-06
 7.2944572615547126e-06
 7.2220741011517348e-06
 7.2700175687738858e-06
 7.4305309052495605e-06
 7.6944096238009546e-06
 8.0512394893088313e-06
 8.4896411734316016e-06
 8.9975170871892107e-06
 9.5622961143624827e-06
 1.0171172250106331e-05
 1.0811333481203916e-05
 1.147017761892518e-05
 1.2135512203934572e-05
 1.2795736035980769e-05
 1.3440000330811747e-05
 1.4058347964096725e-05
 1.4641829719264782e-05
 1.5182596905071247e-05
 1.5673970142650144e-05
 1.6110484534076659e-05
 1.6487911809555736e-05
 1.6803260403250309e-05
 1.7054754724380936e-05
 1.7241795167420061e-05
 1.7364900640443048e-05
 1.7425635582557671e-05
 1.7426523588935303e-05
 1.7370949865590755e-05
 1.7263054796216176e-05
 1.710762092176684e-05
 1.6909955612143084e-05
 1.6675771650800399e-05
 1.6411067860658095e-05
 1.6122011776705837e-05
 1.581482622108922e-05
 1.5495681464201827e-05
 1.5170594464639087e-05
 1.484533647609209e-05
 1.4525350094456504e-05
 1.421567659809584e-05
 1.3920894211985439e-05
 1.3645067706591699e-05
 1.3391709527986462e-05
 1.3163752450594951e-05
 1.2963533550538336e-05
 1.2792789118830361e-05
 1.2652659971517689e-05
 1.254370647016563e-05
 1.2465932442247245e-05
 1.2418817087852391e-05
 1.2401353877241304e-05
 1.241209538346659e-05
 1.2449202955022026e-05
 1.2510500115070315e-05
 1.2593528574972833e-05
 1.269560576989872e-05
 1.2813882861326988e-05
 1.2945402204095e-05
 1.308715334218287e-05
 1.3236126675966395e-05
 1.3389364032052702e-05
 1.3544005463095136e-05
 1.3697331707030781e-05
 1.3846801840952661e-05
 1.3990085772390241e-05
 1.4125091318042786e-05
 1.4249985725512532e-05
 1.4363211595259419e-05
 1.4463497256672619e-05
 1.4549861742344135e-05
 1.4621614587199093e-05
 1.4678350753145018e-05
 1.4719941044629217e-05
 1.4746518435356654e-05
 1.4758460770995276e-05
 1.4756370347026801e-05
 1.4741050884710047e-05
