# Created by Octave 6.2.0, Sat May 07 10:58:57 2022 UTC <www-data@20e9680fb889>
# name: x
# type: matrix
# rows: 501
# columns: 5
 0 0 0 0 0
 2.5005841730514837 290.49351407949166 -1.3633803328343947 1891.4898562997982 -0.012951097192826957
 5.6918350318662174 344.65885087997412 -1.6086888223611853 1750.4956826409596 -0.027895878440987103
 9.3636226881807314 388.19433485914237 -1.8041879336188662 1572.99493520956 -0.044995101133144276
 13.425599235198007 422.68595480822455 -1.9579828869495093 1379.1132360082065 -0.063840842004975293
 17.787022112621205 448.08679622854839 -2.0699547629174826 1173.1729369945203 -0.084015271598427518
 22.357333415616644 464.49198231908599 -2.1406234998285831 959.33147681411401 -0.10510218617134412
 27.047664230804305 472.14236308625766 -2.171173251499066 741.63939971879927 -0.12669394413770033
 31.772232243897733 471.41220037631638 -2.1633949098337202 523.97931603404754 -0.14839783062294221
 36.449607213284935 462.7952098749268 -2.119621133349971 310.01025459865423 -0.16984180512155811
 41.003830548496104 446.8893949808454 -2.0426559910599829 103.11896494433358 -0.19067957124262566
 45.365378543786321 424.38099788232478 -1.9357007192973745 -93.621403535132458 -0.21059492221976137
 49.471962047522389 396.02788848672162 -1.8022770635387033 -277.48497416703594 -0.22930533070249462
 53.269158513811249 362.64270288164852 -1.6461496332828651 -446.11904035600037 -0.24656476586524737
 56.710875434866772 325.07602931372935 -1.4712486326132446 -597.56219880220488 -0.26216573484051031
 59.759647046184504 284.19992175348017 -1.2815942444703656 -730.25485961994673 -0.2759405587010082
 62.38676889211731 240.8919995160789 -1.081223845430217 -843.04239450710293 -0.28776190550253372
 64.57227730295989 196.02036670255521 -0.87412311257354225 -935.17129293581684 -0.29754261410154598
 66.304783038049848 150.42955800820098 -0.66416195758493446 -1006.2787926806145 -0.30523485245345977
 67.581170270561472 104.92768831689585 -0.45503608830980935 -1056.3765339681408 -0.31082866278028642
 68.406173712506302 60.274953061207526 -0.25021485737750759 -1085.8288554960041 -0.31434995329909038
 68.791847992804577 17.173595165823798 -0.052895913863084898 -1095.3264051713313 -0.31585800208204617
 68.756944402770145 -23.740576928215631 0.13403297010222315 -1085.8557785691896 -0.315442543057604
 68.326210813086732 -61.905066603048596 0.30802466790373484 -1058.665923962033 -0.31322050716850314
 67.529630950654081 -96.835938277115844 0.46689597007933581 -1015.2320647104202 -0.30933249330783941
 66.401619313631102 -128.13144373491767 0.60884339828324996 -957.21788843073546 -0.30393904391256138
 64.980187813995471 -155.47405781083248 0.73245172401848779 -886.43673845560943 -0.29721679907769921
 63.306099788180944 -178.63098056586918 0.83669546794703531 -804.81251763033697 -0.28935460085460601
 61.422026330312747 -197.45318560613563 0.920933757803575 -714.34097853722687 -0.28054961611753459
 59.371719004408718 -211.87311406896171 0.98489901292506832 -617.05202901599841 -0.27100354214211064
 57.19921190894047 -221.90113086395317 1.0286800003541001 -514.97362864548904 -0.2609189539632783
 54.94806482818634 -227.62087387656103 1.0526998708333888 -410.0977920231021 -0.25049584680243742
 52.660657839656743 -229.18363795250659 1.057689832497213 -304.34914961073218 -0.23992842051126481
 50.37754628574114 -226.8019435686036 1.044659155647101 -199.55644800445134 -0.22940214621220589
 48.136883490704463 -220.74244519685075 1.0148622238744827 -97.427300110080296 -0.21909114826109419
 45.973917040717062 -211.31833656985336 0.96976335538156433 0.47357679022275079 -0.20915592745094252
 43.920562873124176 -198.88140948625525 0.91100011427223104 92.742469430199662 -0.19974144414758457
 42.005059868542077 -183.81391962365555 0.84034581563373689 178.15102872607486 -0.1909755729203636
 40.25170613063726 -166.52040725625895 0.75967190135751106 255.6568555144363 -0.18296793331855082
 38.680676696458427 -147.41961303675575 0.67091082693299398 324.41035064650987 -0.17580909485054189
 37.307921065366052 -126.93661935131908 0.57602005407491297 383.75792882632118 -0.16957014804070766
 36.145137684721526 -105.49533646533919 0.47694769127238046 433.24175102967797 -0.16430262774840745
 35.199821400550725 -83.511440029746865 0.37560026549029346 472.59618000064756 -0.16003876980256207
 34.475378883499964 -61.385852804168366 0.27381304464919487 501.74120668976047 -0.15679207748750726
 33.971306183753732 -39.49884896557748 0.17332326350161309 520.77313220546716 -0.15455817055234553
 33.683421859477313 -18.204844397699475 0.075746536433329181 529.95281966272205 -0.15331588623408973
 33.604148565234269 2.1720788230698815 -0.017443329171278998 529.691853124624 -0.15302859929890708
 33.722835580421133 21.34188064789808 -0.1049309748282321 520.53695666320004 -0.15364572631755907
 34.02611450118107 39.051485691168608 -0.18557251184754642 503.15303554865886 -0.15510437829068516
 34.498280208211852 55.086916254457293 -0.2584049102354633 478.30520395482199 -0.15733112530589244
 35.121689250879619 69.27464522371298 -0.32265180633765944 446.84015968156723 -0.16024383711068221
 35.877167946629356 81.482190900749998 -0.37772583727523179 409.66725666814955 -0.16375356428314586
 36.744422773677613 91.617987312871747 -0.42322766243458376 367.73961100336146 -0.16776642602844943
 37.702446022772151 99.630573803336262 -0.45894187878692405 322.03555628989784 -0.17218547246926461
 38.729910157635068 105.50715663819713 -0.48483007717778526 273.54074019945233 -0.1769124915731658
 39.805544899914459 109.27160289774417 -0.50102132061612537 223.23112650570238 -0.18184973350635994
 40.908491688801206 110.98193300707175 -0.507800352808224 172.05713647050015 -0.1869015281551008
 42.018630853338379 110.72738288093444 -0.50559386564936493 120.92913086021508 -0.19197577474655331
 43.116877562216217 108.62510981949802 -0.49495516814954321 70.704399758137697 -0.19698528586235803
 44.185443367048016 104.81661802450893 -0.47654760648190264 22.175792375818901 -0.2018489716043394
 45.208060916722893 99.463979962707725 -0.45112708575922322 -23.937916111862251 -0.20649285317838562
 46.170170179023266 92.745928858011325 -0.41952403911085467 -66.999858472215692 -0.21085089864820902
 47.059065248692129 84.853895436821659 -0.38262517907644733 -106.461081662477 -0.21486567701804538
 47.864001536937288 75.988058787680245 -0.34135535074849332 -141.86472939250825 -0.2184888300795603
 48.576263815489092 66.353476945794228 -0.29665978603400955 -172.84843541991518 -0.22168136455573226
 49.189196219544023 56.156357702942643 -0.24948703446136444 -199.14499011188491 -0.22441376995144147
 49.69819589030709 45.600524309236135 -0.20077281875697106 -220.58136825791507 -0.22666597014119552
 50.100672452846943 34.884124314868501 -0.15142503360298432 -237.07622862564585 -0.22842711905950713
 50.395975973463514 24.196622938882143 -0.10231007421275273 -248.63601510861781 -0.22969525288604187
 50.585296419016466 13.716115188904638 -0.054240648272640302 -255.34980537550882 -0.23047681281940915
 50.67153794634693 3.6069836286269208 -0.0079651910289408878 -257.38306561435184 -0.23078605390041665
 50.659171582071949 -5.9820786688576675 0.035841030545893604 -254.97047925318884 -0.230644356373991
 50.554070011961372 -14.919667708262551 0.076583071919078316 -248.40802346931287 -0.230079456770937
 50.363328286352605 -23.092885479918522 0.11375170322124295 -238.04446996591332 -0.22912461625395317
 50.09507426627097 -30.408175704465094 0.14692705005308926 -224.27248604016086 -0.2278177438196157
 49.758272587761994 -36.79178625445175 0.17578052225273422 -207.51950857752627 -0.226200491696743
 49.362525813954733 -42.189871921487992 0.20007509653452815 -188.23855750903158 -0.22431733975303689
 48.917876280873472 -46.56825646145856 0.21966404281030738 -166.89914671931388 -0.2222146849409796
 48.43461192993766 -49.911877493377148 0.23448820502070178 -143.97843967845643 -0.21993995080828241
