# Created by Octave 6.2.0, Tue May 24 19:07:59 2022 CEST <www-data@1556a2353a7a>
# name: x
# type: matrix
# rows: 501
# columns: 5
 0 0 0 0 0
 0.0016633597603446675 0.19323293619478377 -0.00090690487771689237 1.2581972436584021 -8.6149205273793512e-06
 0.0037861430367181056 0.22926309371173442 -0.0010700812565595467 1.1644095449939862 -1.8556016701321797e-05
 0.0062285738502310863 0.2582223956934428 -0.0012001250112764076 1.0463380943744298 -2.9930222483244528e-05
 0.0089305538149875886 0.28116582359748854 -0.0013024276409863698 0.9173702235087845 -4.2466192021047862e-05
 0.011831722026133838 0.29806217044027605 -0.0013769100418519842 0.78038111108282926 -5.5885989976781051e-05
 0.014871840409501092 0.30897471107699731 -0.0014239180708394124 0.63813623734863445 -6.991276241996282e-05
 0.017991794388561619 0.31406365615493859 -0.001444239413414013 0.49332997763999931 -8.4275350867649864e-05
 0.02113452255691645 0.31357796033901308 -0.0014390653502219868 0.3485449995791885 -9.8712525913265315e-05
 0.024245858456730555 0.30784603761081608 -0.0014099475388137282 0.20621524696141047 -0.00011297681050214506
 0.027275275309420914 0.29726567293626077 -0.0013587512135653989 0.068593546526163562 -0.00012683785226782194
 0.03017652674752971 0.28229334670664613 -0.0012876057999760809 -0.062275878183015498 -0.00014008531411514058
 0.032908178745580309 0.26343318524615622 -0.0011988539225312881 -0.18457980543261865 -0.00015253126210808951
 0.035434030053532982 0.24122574471063091 -0.00109499975606399 -0.29675324192195207 -0.00016401203937821328
 0.037723420466651961 0.2162368265944985 -0.00097865762701546187 -0.39749148479082397 -0.00017438962406242365
 0.039751428190366631 0.18904651114422186 -0.00085250171472529878 -0.48575711282923351 -0.000183552478071624
 0.041498959351740999 0.16023858060936519 -0.0007192176355411648 -0.56078208060339452 -0.00019141590166465652
 0.04295273434786688 0.13039048782875079 -0.00058145661590257823 -0.62206516159810477 -0.00019792191625379996
 0.044105177187172835 0.10006400754425809 -0.00044179287644230782 -0.66936505056360174 -0.00020303870451449652
 0.044954215257579686 0.069796688459132755 -0.00030268475940785702 -0.70268949044443918 -0.00020675964264764066
 0.045502998034926578 0.040094203810116108 -0.0001664400381668576 -0.72228083514146557 -0.00020910196450050361
 0.045759544119382191 0.01142367749389625 -3.5185752015356965e-05 -0.72859849567937784 -0.00021010510116322364
 0.045736326653727365 -0.015791958045376087 8.9157186320768032e-05 -0.72229874405932759 -0.00020982874261037961
 0.045449807636199595 -0.041178536543047706 0.00020489445758563232 -0.70421236627186246 -0.00020835066995687575
 0.044919931896222225 -0.064414149630010409 0.00031057381601729559 -0.67532066388719758 -0.00020576440796530346
 0.044169591561173685 -0.08523155902544402 0.00040499560861413436 -0.63673030272554465 -0.00020217674761367727
 0.043224071716626705 -0.10341955065022104 0.00048721844169744098 -0.58964749786404225 -0.00019770518785656275
 0.042110487663978458 -0.11882326866909246 0.00055656017823527788 -0.53535200729290788 -0.00019247534424918371
 0.040857223723046177 -0.13134358244310554 0.0006125945173859693 -0.47517138261899827 -0.00018661836992297216
 0.039493382929761907 -0.14093555259576143 0.00065514346757765017 -0.41045589513259384 -0.00018026843158011811
 0.038048256258718716 -0.14760607374542314 0.00068426607562356925 -0.34255452016329713 -0.00017356027979818973
 0.036550819176177168 -0.15141078084915341 0.00070024381651888215 -0.27279232285350519 -0.00016662694909253063
 0.035029262421057708 -0.15245031349390661 0.00070356308148373245 -0.20244954519560987 -0.00015959761896536481
 0.033510562939517395 -0.15086603785051214 0.00069489522548587482 -0.13274264833999072 -0.00015259566266887331
 0.032020099882951986 -0.14683532939923519 0.00067507465002737081 -0.06480751670293694 -0.0001457369057169143
 0.030581319539279655 -0.14056652099990222 0.0006450754026928354 0.00031501782054599303 -0.00013912811138643648
 0.029215452022033839 -0.13229362050083474 0.00060598677224316805 0.06169122135046412 -0.00013286570564140902
 0.027941281509008056 -0.12227089997138932 0.00055898834742820497 0.11850401023907264 -0.00012703474917097378
 0.026774970818605741 -0.11076745493764442 0.00050532498981652532 0.17005999258166349 -0.00012170815963539986
 0.025729940152854857 -0.098061826853717698 0.00044628214651862112 0.21579402482029275 -0.00011694618282741165
 0.024816798934833326 -0.084436775621719945 0.00038316189849772406 0.25527134955187492 -0.00011279610734415163
 0.024043328836843618 -0.070174281462531629 0.00031726010505923321 0.28818741753636923 -0.0001092922135798721
 0.023414515344047069 -0.055550847026439198 0.00024984496595806651 0.31436552993391009 -0.00010645594443629424
 0.022932624534478932 -0.040833161510533345 0.00018213728025445351 0.33375246564728944 -0.00010429628214246619
 0.022597321186532432 -0.026274178912801094 0.00011529263647557441 0.34641228306350225 -0.00010281031300599496
 0.022405823853310868 -0.012109652592704856 5.0385722682924476e-05 0.35251850531888285 -0.00010198395980094674
 0.022353092171996203 0.0014448417891816112 -1.1603101444309012e-05 0.35234491338666662 -0.00010179285984406249
 0.022432041406045114 0.014196372936517432 -6.9798874608579609e-05 0.34625518181587489 -0.00010220336562143631
 0.02263377904734884 0.02597659802073285 -0.00012344069524226962 0.33469159792593628 -0.00010317364409579953
 0.022947858231626522 0.03664318154398466 -0.00017188796689720338 0.31816310684356153 -0.00010465485053607044
 0.023362542738944322 0.046080695270762251 -0.00021462426142194546 0.2972329221828599 -0.00010659235284524322
 0.023865078456737941 0.054201013902937661 -0.00025125887180170523 0.2725059356994336 -0.00010892698289344519
 0.024441966368299966 0.060943228811222661 -0.00028152616126468871 0.24461614922618213 -0.00011159629225839211
 0.025079232387653312 0.066273108960090449 -0.00030528284619972697 0.21421433899549669 -0.00011453579099951083
 0.025762689683570997 0.070182144105230798 -0.00032250337728012297 0.18195614647413638 -0.00011768014960521005
 0.026478189512138216 0.072686210353266556 -0.00033327360573134706 0.14849077151155332 -0.0001209643460130997
 0.027211856999202571 0.073823902221998861 -0.00033778293978374097 0.11445042337283806 -0.00012432474156658585
 0.027950308771621982 0.07365457841303838 -0.00033631520996631778 0.080440663543380087 -0.0001277000718934944
 0.028680849819656021 0.072256170611639414 -0.00032923847105291101 0.047031751502086605 -0.00013103234092839777
 0.029391647472537481 0.069722805781269714 -0.00031699397326955838 0.014751081402983202 -0.0001342676086059907
 0.030071880875868887 0.066162292658120375 -0.00030008453598174493 -0.01592322579503036 -0.00013735666508540059
 0.030711864864095297 0.061693522521958616 -0.00027906255373227526 -0.044567533351806965 -0.00014025558668395274
 0.031303147615537999 0.056443832884803702 -0.00025451785747878947 -0.070816684032690036 -0.00014292617096544033
 0.031838581953616815 0.050546380568301658 -0.00022706564351341013 -0.094366782301003482 -0.00014533625060724625
 0.032312370608972782 0.044137567813166828 -0.00019733466920222366 -0.11497678631036479 -0.00014745988773108568
 0.032720086177080276 0.037354561664928537 -0.0001659558987547879 -0.13246895129393677 -0.00014927745229585898
 0.033058666889339526 0.03033294299949188 -0.00013355176413989208 -0.14672818287666245 -0.00015077558989436501
 0.033326389658213044 0.023204517282617715 -0.00010072618643214065 -0.157700373808634 -0.00015194708584889601
 0.033522822155297241 0.016095314593491533 -6.8055481737973539e-05 -0.16538981049353785 -0.00015279063384880824
 0.033648755932826922 0.009123801677763721 -3.6080253839894274e-05 -0.1698557463695185 -0.00015331051850515012
 0.033706122802448078 0.0023993239214814277 -5.2983532343294166e-06 -0.17120824763704157 -0.00015351622210670721
 0.033697896839515719 -0.0039792097575549468 2.3841040274429873e-05 -0.16960342300655684 -0.0001534219665458919
