# Created by Octave 6.2.0, Wed May 18 15:26:28 2022 UTC <www-data@d0ee2d94156a>
# name: x
# type: matrix
# rows: 501
# columns: 5
 0 0 0 0 0
 0.27722662672411125 32.205489365797298 -0.15115081295281538 209.69954060973373 -0.0014358200878965585
 0.63102383945301743 38.210515618622409 -0.17834687609325778 194.0682574989977 -0.0030926694502202996
 1.038095641705181 43.037065948907141 -0.20002083521273459 174.38968239573833 -0.0049883704138740876
 1.4884256358312649 46.860970599581435 -0.21707127349772828 152.89503725146412 -0.0070776986701746435
 1.9719536710223065 49.677028406712687 -0.2294850069753307 130.06351851380487 -0.0093143316627968403
 2.4786400682501828 51.495785179499556 -0.23731967847323543 106.35603955810575 -0.011652127069993804
 2.998632398093604 52.343942692489762 -0.24070656890233549 82.221662939999888 -0.014045891811274979
 3.5224204261527428 52.262993389835515 -0.23984422503699776 58.090833263198135 -0.016452087652210887
 4.0409764094550926 51.307672935136011 -0.23499125646895463 34.369207826901771 -0.018829468417024178
 4.5458792182368191 49.544278822710119 -0.22645853559423312 11.432257754360677 -0.021139642044636985
 5.0294211245882847 47.048891117774346 -0.21460096666268008 -10.379313030502487 -0.023347552352523424
 5.4846964575967174 43.905530874359357 -0.19980898708854794 -30.763300905436381 -0.025421877018014915
 5.9056716755888301 40.204290785105144 -0.18249995934399824 -49.458873653658571 -0.027335339896368879
 6.2872367444419925 36.039471099083059 -0.16310960450257689 -66.248580798470556 -0.02906493734373727
 6.6252380317277719 31.507751857370284 -0.14208361912088299 -80.959518804872147 -0.030592079678603997
 6.916493225290167 26.706430101560834 -0.11986960592352729 -93.463680100565711 -0.031902650277442754
 7.158789057977816 21.731747971458425 -0.096909435983762893 -103.67752693301733 -0.032986986042299993
 7.3508628645288079 16.677334590709609 -0.073632146073717639 -111.5608417606002 -0.033839784085749419
 7.4923692095966157 11.632781409855379 -0.050447459901309055 -117.1149150740732 -0.034459940441273443
 7.5838330058210968 6.6823673016859395 -0.027740006361142558 -120.38013919024425 -0.0348503274167506
 7.6265906865636985 1.9039462489826384 -0.0058642920025591405 -121.43308261322952 -0.035017516860537272
 7.6227211089545595 -2.6319930075627518 0.014859531053461689 -120.38312400988784 -0.034971457101729934
 7.5749679393665978 -6.8630894238413518 0.034149076264272354 -117.36872771197696 -0.034725111659479287
 7.4866553160370364 -10.735691605001797 0.051762302669549592 -112.55344398119942 -0.034294067994217234
 7.3615985935289459 -14.205259837574054 0.067499268102356041 -106.12171712092405 -0.03369612460227954
 7.2040119527711157 -17.236591775036878 0.081203073616240434 -98.274582977340259 -0.032950864642760452
 7.0184146106630747 -19.803878111515438 0.092760029705879848 -89.225334548817813 -0.032079224041530609
 6.8095372871743605 -21.890597073850948 0.10209908623099498 -79.195230436499543 -0.031103061653828677
 6.5822304882936491 -23.489258765960265 0.10919057792960848 -68.409315855432141 -0.03004473859668633
 6.3413760431197845 -24.601012290903888 0.11404434593726168 -57.092420027215979 -0.028926713299698262
 6.0918031960295256 -25.235130141525609 0.11670730275314731 -45.465387142250734 -0.027771158182088408
 5.8382104035096143 -25.408385582317798 0.11726051358062226 -33.741590865934768 -0.026599603160894107
 5.5850938232528957 -25.144339641752047 0.11581587091431264 -22.123774723331564 -0.025432610444812185
 5.3366833138253273 -24.47255489987257 0.11251244167122856 -10.801252783822633 -0.024289484286152348
 5.0968865898799391 -23.427753499983716 0.10751256711547266 0.052502970091239831 -0.023188018564406044
 4.8692420036723023 -22.048936750139127 0.10099779537386142 10.281870225077625 -0.022144284273568137
 4.6568802515013381 -20.37848332856489 0.093164724571367513 19.750668373179053 -0.021172458195162263
 4.4624951364342857 -18.461242489607407 0.08422083163608754 28.343332096944209 -0.020284693272566611
 4.288323358809139 -16.343637808952955 0.074380357753103504 35.965670803382409 -0.019491030471235241
 4.1361331558055499 -14.072795936953334 0.063860316416287394 42.545224925312738 -0.018799351224025238
 4.0072214728072639 -11.695713577088604 0.052876684176538874 48.031236256061817 -0.018215368929978649
 3.9024192240078399 -9.2584745044065144 0.04164082765967772 52.394254988985296 -0.017742657406049005
 3.8221040890798177 -6.8055269184221956 0.030356213375742153 55.625410941215165 -0.017382713690411
 3.7662201977554011 -4.3790298188001415 0.019215439412595653 57.735380510583923 -0.017135052167665796
 3.7343039755518079 -2.0182754321174237 0.0083976204471538918 58.753084219814014 -0.016997326633491096
 3.7255153619993644 0.24080696486365483 -0.0019338502407184321 58.724152231111304 -0.016965476640677057
 3.7386735676741836 2.36606215608629 -0.011633145768096848 57.709196969312643 -0.017033894270239363
 3.7722965078914727 4.3294330034555166 -0.020573449207045139 55.78193298765612 -0.017195607349299903
 3.8246430386044201 6.1071969239974884 -0.028647994482867353 53.02718447392698 -0.017442475089345055
 3.8937571231573873 7.6801158784604198 -0.035770710236991063 49.538820363810032 -0.017765392140873852
 3.9775130761229907 9.0335023171563158 -0.041876478633617681 45.417655949905594 -0.018154497148907513
 4.0736610613833282 10.157204801870474 -0.046921026877448258 40.769358204363641 -0.018599382043065337
 4.1798720646088867 11.045518160015114 -0.050880474366621284 35.702389832582782 -0.019089298499918462
 4.293781613928501 11.697024017538499 -0.053750562880020628 30.326024412356077 -0.019613358267535002
 4.4130315853563706 12.114368392211116 -0.055545600955224581 24.74846191859217 -0.020160724335516609
 4.5353094998670969 12.303983703666511 -0.056297156630623582 19.075070562139672 -0.020720790261097636
 4.658384795270333 12.275763068839751 -0.056052534994386394 13.406777257230033 -0.021283345315582392
 4.7801416366093399 12.042695101939909 -0.054873078508818507 7.8386252503477181 -0.021838723488066283
 4.8986079120895827 11.620467630211625 -0.052832328878259685 2.4585135671637772 -0.022377934767665104
 5.0119801459781499 11.0270487763534 -0.050014089330290806 -2.6538709658385358 -0.022892777514233419
 5.1186441440158861 10.282253753659781 -0.046510425622045909 -7.4279222253012165 -0.023375931113992107
 5.217191269256336 9.4073054808006091 -0.04241964291313155 -11.802780672115119 -0.023821028494240035
 5.3064303256028058 8.4243967613836048 -0.037844273918901619 -15.727797050167339 -0.02422270843454102
 5.3853951014954662 7.3562613021944685 -0.032889111533703844 -19.162797718394216 -0.024576647955180924
 5.4533476961800487 6.2257602774880816 -0.027659316459131236 -22.078158548989506 -0.024879575382643144
 5.5097778148899232 5.0554904999152939 -0.022258627356648561 -24.454697146110419 -0.025129264982394147
 5.5543982763688424 3.8674195471029265 -0.016787697738689961 -26.283395634772319 -0.025324514308149314
 5.5871370258828739 2.6825524322485599 -0.011342580289662091 -27.564968415589618 -0.025465105641468023
 5.6081259888044874 1.5206336129605909 -0.0060133756399822491 -28.30929106158635 -0.025551753084191667
 5.6176871337413452 0.39988732024686513 -0.00088305887238801506 -28.534707939506916 -0.025586037017784512
 5.6163161399192845 -0.663201626259184 0.0039735067124051227 -28.267237167759305 -0.025570327757648632
 5.6046640811487105 -1.6540651561266877 0.0084903627404743498 -27.539692180633381 -0.025507700307199187
 5.5835175483761201 -2.5601868603013962 0.012611053572199965 -26.390739464070208 -0.025401842156757521
 5.5537776348415706 -3.3711946457278437 0.0162890299393669 -24.863911977844907 -0.025256956077562679
 5.516438202634367 -4.0789120016022018 0.019487862777464976 -23.006597403273389 -0.025077659833341762
 5.4725638374672636 -4.6773693926261828 0.02218127456036903 -20.869019679493505 -0.024868884673285654
 5.4232678803629097 -5.1627778782104983 0.02435299809426919 -18.503231343604597 -0.024635774383700588
