# Created by Octave 6.2.0, Mon May 09 10:42:12 2022 UTC <www-data@20e9680fb889>
# name: x
# type: matrix
# rows: 501
# columns: 5
 0 0 0 0 0
 3.0494928939652235 354.26038302377026 -1.6626589424809692 2306.6949467070708 -0.015794020966862145
 6.941262233983192 420.31567180484649 -1.9618156370258357 2134.7508324889745 -0.034019363952423297
 11.419052058756991 473.40772543797857 -2.2002291873400805 1918.2865063531215 -0.054872074552614968
 16.372681994143914 515.47067659539584 -2.3877840084750117 1681.8454097661051 -0.077854685371921084
 21.691490381245369 546.44731247383947 -2.5243350767286374 1430.6987036518535 -0.10245764829076526
 27.265040750752004 566.45363697449511 -2.6105164632055899 1169.9164351391632 -0.12817339776993186
 32.98495637902964 575.78336961738751 -2.6477722579256904 904.4382923399985 -0.15450480992402477
 38.746624687680161 574.89292728819078 -2.6382864754069759 638.99916589517898 -0.18097296417431977
 44.450740504006014 564.3844022864962 -2.5849038211585018 378.06128609591951 -0.20712415258726596
 50.004671400605012 544.98706704981146 -2.4910438915365649 125.75483529796702 -0.23253606249100689
 55.323632370471138 517.53780229551796 -2.3606106332894821 -114.17244333552799 -0.25682307587775777
 60.331661033563897 482.96083961795307 -2.1978988579740277 -338.39630995980087 -0.27964064719816417
 64.962388431477137 442.24719863615667 -2.0074995527839814 -544.047610190245 -0.30068873886005776
 69.159604188861934 396.43418208991386 -1.7942056495283467 -728.73438878317711 -0.31971431078111012
 72.877618349005502 346.5852704310733 -1.5629198103297133 -890.55470685359478 -0.33651287646464412
 76.081425478191832 293.77073111716936 -1.3185656651588016 -1028.1004811062239 -0.35092915305187039
 78.74667963775596 239.04922768604303 -1.066003795821393 -1140.4527962631914 -0.36285684646530003
 80.859491509816877 183.45068049780616 -0.80995360681089634 -1227.1692593666035 -0.37223762494324375
 82.416061305562764 127.96059550840977 -0.55492205891440261 -1288.2640658148052 -0.379059344854008
 83.422163064032077 73.506040318545956 -0.30514006997257082 -1324.1815310926877 -0.38335360158425674
 83.892497552200723 20.943408738809467 -0.064507212028152905 -1335.7639087455264 -0.38519268546591018
 83.849932198500184 -28.951923083189968 0.16345484158807699 -1324.2143641087687 -0.38468602811902947
 83.324647333032601 -75.49398366225455 0.37563983890699437 -1291.0560048317484 -0.38197622825427241
 82.353208476407431 -118.09260765501949 0.56938532936504416 -1238.0878837931955 -0.37723474793638989
 80.97758452881844 -156.25785821331436 0.74249194912591587 -1167.3388883301659 -0.37065737062507526
 79.244131480482295 -189.60250952540565 0.89323380977864453 -1081.0204127507445 -0.36245951107036528
 77.202560717293849 -217.84265922666987 1.0203603267646781 -981.47868003699841 -0.35287146445683709
 74.904910158918 -240.79656781236042 1.1230899485409456 -871.14753480149648 -0.34213367819211593
 72.404535371230153 -258.38184642556291 1.2010963572256932 -752.50247440975545 -0.33049212456355015
 69.755136474317638 -270.61113519994262 1.2544878053098776 -628.01662029937734 -0.31819384629668146
 67.009835156324797 -277.58643155678124 1.2837803302846189 -500.11925856475909 -0.3054827400029731
 64.220314438605783 -279.49224140549518 1.2898656493868428 -371.15749952528404 -0.2925956347698358
 61.436032055781872 -276.58773605927183 1.2739745800574371 -243.36152195664954 -0.27975871489293475
 58.703516452078638 -269.19810389859742 1.237636858383512 -118.81378062205067 -0.26718432714767659
 56.065752488679372 -257.70528849982031 1.1826382382701968 0.57753267100088124 -0.25506820420846726
 53.561662040395383 -242.53830425152978 1.1109757491124732 113.10057247585064 -0.24358712700925025
 51.225682766514787 -224.16331661421316 1.0248119702850409 217.25735210496623 -0.23289704014678567
 49.087446500777212 -203.07366738568095 0.92642914799696108 311.77665306638232 -0.22313162599823352
 47.171556946900601 -179.78001589848219 0.81818393528413669 395.62237883720309 -0.21440133518358848
 45.497464713861127 -154.80075530648645 0.7024634805791603 467.99747417843628 -0.20679286346427844
 44.079436200879989 -128.65284934797461 0.58164352594192792 528.34359881667592 -0.20036905822976597
 42.926611464086314 -101.84321954847178 0.45804910425645673 576.3368048788343 -0.19516923146653986
 42.043144979878072 -74.860796102644542 0.33391834713316437 611.87952035336343 -0.19120985059452178
 41.428422175309485 -48.169328006802175 0.21136983353855476 635.08918561641963 -0.18848557384432452
 41.077343731069952 -22.201029753292403 0.092373824918695613 646.28392641795108 -0.18697059296840279
 40.98066898199307 2.6488766134993966 -0.021272352647898618 645.96567454222122 -0.18662024304744831
 41.125409244416069 26.026683716948355 -0.12796460344906091 634.80116666243612 -0.18737283697263363
 41.495261586806244 47.623763038009884 -0.2263079412774931 613.60126286421564 -0.18915168084229952
 42.071073424648667 67.179166163971445 -0.3151279393115376 583.29902921319467 -0.19186722598279618
 42.831328354731305 84.48127466306363 -0.39347781260689718 544.92702400190819 -0.19541931354961289
 43.752643837352942 99.368525488718547 -0.46064126496978997 499.59421544895986 -0.19969946863798316
 44.810271675216633 111.72925282057429 -0.51613129565192661 448.46294024799863 -0.20459320247371915
 45.978592710697775 121.50069976016533 -0.55968521803283022 392.72628815840994 -0.20998228349910347
 47.231597753213528 128.66726419292252 -0.59125619168022236 333.58626853591591 -0.21574694094288535
 48.543347438920087 133.25805231432133 -0.61100161050746626 272.23308110451353 -0.22176796769068302
 49.888404498538058 135.34382074033067 -0.61926872293685498 209.82577618353616 -0.22792869287207429
 51.242232747973638 135.03339375723647 -0.61657788493824683 147.47454982953059 -0.23411679847140657
 52.5815580027027 132.46964612133837 -0.60360386359700091 86.224877753825695 -0.24022595836872934
 53.884687032985362 127.82514393232742 -0.58115561766085477 27.043649238802573 -0.24615728244431634
 55.131781605759606 121.29753653988712 -0.55015498263319795 -29.192580624222046 -0.25182055265656778
 56.305085584174698 113.10479129025748 -0.51161468184250403 -81.70714447831142 -0.25713524225391338
 57.38910396181965 103.48036028880665 -0.46661607204444677 -129.83058739326498 -0.2620313134366406
 58.370733581630823 92.668364375219653 -0.41628701310791794 -173.0057675518392 -0.26644979277995146
 59.239346116450086 80.918874324139153 -0.36178022687074329 -210.79077490233522 -0.27034312750699041
 59.986824657980499 68.483363052368986 -0.30425248105044411 -242.85974403888349 -0.27367532920907484
 60.607555963789117 55.610395499068431 -0.24484490092313527 -269.00166860721401 -0.27642191480633588
 61.098381040057227 42.541615018132461 -0.18466467512559115 -289.11735198249471 -0.27856965738964273
 61.458507284711565 29.508076754734475 -0.12476838318628469 -303.2146525714852 -0.28011616205614853
 61.689385876849322 16.726969742566951 -0.0661471320398066 -311.40220167744883 -0.28106928392610864
 61.794558471154765 4.3987605227160884 -0.0097136475962709135 -313.88178733457471 -0.28144640719563002
 61.779477539112101 -7.2952178888505159 0.043708573836453768 -310.93960884535227 -0.28127360533413537
 61.6513048926358 -18.194716717392907 0.093393990145215211 -302.93661398696668 -0.2805847033791915
 61.418693032137305 -28.162055463314744 0.13872158929419709 -290.29813410477209 -0.27942026372433321
 61.091553983257263 -37.083141103005687 0.17917932933303349 -273.50303175629415 -0.27782651685318999
 60.680820228978028 -44.868032017623477 0.2143664905521121 -253.07257143600782 -0.2758542581667599
 60.198202212139897 -51.451063318887293 0.24399402016405625 -229.55921647442892 -0.2735577314061427
 59.65594668399202 -56.790556660314735 0.26788297903695768 -203.53554477965099 -0.270993518220707
 59.066599914558104 -60.868143284605765 0.28596122563499926 -175.58346302250811 -0.26821945220522264
