# Created by Octave 6.2.0, Mon May 23 21:13:15 2022 UTC <www-data@814fce59601b>
# name: x
# type: matrix
# rows: 501
# columns: 5
 0 0 0 0 0
 0.018851410617239567 2.1899732768742166 -0.010278255280791447 14.259568761461894 -9.7635765976965988e-05
 0.042909621082805195 2.5983150620663236 -0.012127587574341531 13.196641509931844 -0.0002103015226149804
 0.070590503635952317 2.9265204845256854 -0.013601416794465953 11.858498402910207 -0.00033920918814343799
 0.10121294323652602 3.1865460007715374 -0.014760846597845524 10.39686253309956 -0.00048128350957187579
 0.13409284962951684 3.3780379316564622 -0.015604980474322487 8.8443192589387323 -0.00063337455307018516
 0.16854752464101236 3.5017133922059691 -0.016137738136180003 7.2322106899511915 -0.00079234464075957848
 0.20390700307036499 3.5593881030893035 -0.016368046685358816 5.5910730799199957 -0.00095512064316669845
 0.23952458897838638 3.5538835505088153 -0.016309407302515847 3.9501766618974727 -0.0011187419603503404
 0.27478639584294623 3.4889217595892497 -0.015979405439888919 2.337106132229323 -0.0012804038523576442
 0.30911978684010366 3.3690109599442897 -0.015399180420407856 0.77739352729653 -0.0014374956590353153
 0.34200063647200335 3.1993245960086565 -0.01459286573306225 -0.70579328607417047 -0.0015876335599715934
 0.37295935911657679 2.9855760994564378 -0.013587011122021266 -2.0919044615696727 -0.0017286876372250147
 0.40158567394004047 2.7338917733871506 -0.012409997235391886 -3.3632034084487792 -0.0018588031129530842
 0.42753209862205549 2.4506840347376491 -0.011091453106175235 -4.504903494296002 -0.0019764157393741349
 0.45051618615748845 2.1425271263011809 -0.0096616861002200485 -5.5052472787313071 -0.0020802614181450727
 0.47032153931973131 1.8160372469061385 -0.0081511332027998668 -6.355530246838466 -0.0021693802188661078
 0.48679765594249141 1.4777588620591751 -0.0065898416468958849 -7.0500718314451802 -0.0022431150508763998
 0.49985867478795898 1.1340587521682561 -0.0050069859330128131 -7.58613723972082 -0.0023011053178309611
 0.50948110625256982 0.79102913587016865 -0.0034304272732890301 -7.9638142250369768 -0.0023432759500065944
 0.51570064439583452 0.45440097651464639 -0.001886320432557707 -8.1858494649366094 -0.0023698222643390413
 0.51860816668633147 0.12946834493082138 -0.0003987718561740336 -8.2574496176996064 -0.002381191146516535
 0.51834503540890997 -0.17897552451426546 0.0010104481116353873 -8.1860524326723763 -0.0023780590829176359
 0.5150978198769286 -0.46669008082121022 0.00232213718597051 -7.9810734844144342 -0.002361307592844592
 0.5090925614905184 -0.73002702914012052 0.0035198365815293647 -7.6536341907215615 -0.0023319966236067724
 0.50058870435996827 -0.96595766895503421 0.0045899502309602047 -7.2162767642228296 -0.0022913364729550091
 0.48987281278843586 -1.1720882407025084 0.0055218090059043455 -6.6826716424591375 -0.0022406587957077111
 0.47725219352508913 -1.3466637115830509 0.0063076820199998301 -6.0673227493196151 -0.002181387234824082
 0.46304853552785663 -1.488560601021865 0.0069427378637076619 -5.3852756696819704 -0.0021150081924603509
 0.4475916732039682 -1.5972695960852985 0.0074249592992133816 -4.6518334781693866 -0.0020430422245746715
 0.43121357093214541 -1.6728688357814649 0.0077550155237337964 -3.8822845618506925 -0.0019670165043794829
 0.41424261733000783 -1.7159888496237408 0.0079360965872140136 -3.0916463256730538 -0.0018884387563820131
 0.39699830743865394 -1.7277702195976092 0.0079737149234823078 -2.2944281788835639 -0.0018087730149408006
 0.37978637998119708 -1.7098150956391385 0.0078754792221732602 -1.5044166811865551 -0.0017294175102472301
 0.36289446534012243 -1.6641337331913333 0.0076508460336435422 -0.73448518929994577 -0.0016516849314583614
 0.34658828811183601 -1.5930872379988916 0.0073108545638521372 0.0035702019661947304 -0.0015767852623796129
 0.33110845624971674 -1.4993276990094595 0.0068678500854225701 0.69916717530526995 -0.001505811330602635
 0.31666785710209117 -1.385736866342411 0.006335201270852988 1.3430454493761665 -0.0014397271572710356
 0.30344966927753164 -1.2553644892933022 0.0057270165512539467 1.9273465825921949 -0.0013793591425345314
 0.29160598839902163 -1.1113673710087995 0.0050578643272110313 2.4456656146299967 -0.0013253900720439982
 0.28125705459477757 -0.95695012371282506 0.0043425015163075335 2.8930752949212586 -0.0012783558832337181
 0.27249106015089419 -0.79530852324202361 0.003595614524004637 3.2661240654121944 -0.0012386450872385502
 0.26536450723253335 -0.62957626629964225 0.0028315762808580822 3.5628093392509914 -0.0012065007036113345
 0.25990307805742785 -0.4627758304527092 0.0020642225095504636 3.7825279440026218 -0.0011820245309479502
 0.25610297344736754 -0.29777402767841044 0.0013066498800565051 3.9260058747196993 -0.0011651835474012762
 0.2539326703375232 -0.13724272938398685 0.00057103819040646951 3.9952097269473441 -0.0011558182110773965
 0.25333504461595702 0.016374873610725871 -0.000131501816368838 3.9932423517155566 -0.0011536524115660417
 0.25422980260184469 0.16089222661386504 -0.00079105391223057049 3.9242253939132485 -0.0011583048103762782
 0.2565161625366203 0.29440144423497294 -0.0013989945460790576 3.7931714431606096 -0.001169301299752395
 0.26007572662510076 0.41528939083182692 -0.0019480636248349701 3.6058485442270278 -0.0011860883060754652
 0.26477548437470255 0.52224787973530606 -0.002432408296115381 3.3686397847390737 -0.0012080466655794233
 0.27047088917636353 0.61427815756662696 -0.0028476005470859916 3.0884006045935752 -0.0012345058061257123
 0.27700895217406646 0.69068992652718975 -0.0031906298276664705 2.7723163578967238 -0.001264757978928444
 0.28423130039340438 0.75109523488102514 -0.0034598722569302368 2.4277625086156274 -0.0012980722979944563
 0.29197714974713818 0.79539763319261536 -0.003655038275841389 2.06216966004021 -0.0013337083621923808
 0.30008614780423332 0.82377705067035345 -0.0037771008649552622 1.6828954104642655 -0.00137092925481513
 0.30840104599096269 0.83667089184931975 -0.0038282066508823903 1.2971047982254937 -0.0014090137377546399
 0.31677016607838265 0.83475188868110051 -0.0038115723796182648 0.9116608534916395 -0.0014472674814596032
 0.32504963128943504 0.81890326693191207 -0.0037313693385996483 0.53302651702364479 -0.0014850331971885077
 0.33310533802209158 0.79019179885438939 -0.0035925983637216542 0.16717892256714251 -0.0015216995642012275
 0.34081464992651417 0.74983931679203031 -0.0034009580744597725 -0.18046322567701445 -0.0015567088709678727
 0.34806780179308017 0.69919325524886444 -0.0031627089422991157 -0.50509871132047834 -0.0015895633157514636
 0.35476900630943076 0.63969677269444136 -0.0028845357180929433 -0.80258908570382559 -0.0016198299376083227
 0.36083726214099066 0.57285897977408529 -0.0025734106264853097 -1.0694901994113728 -0.0016471441735487898
 0.36620686690169157 0.50022576854922396 -0.0022364595842918663 -1.3030702448508009 -0.0016712120609523034
 0.37082764334024321 0.42335169886918966 -0.0018808335192209251 -1.5013147813312813 -0.0016918111260197342
 0.37466489141251469 0.34377335399424025 -0.0015135866602521038 -1.6629194059355061 -0.0017087900188028024
 0.37769908279308118 0.26298452920299953 -0.0011415634462309202 -1.7872709031645151 -0.0017220669729541536
 0.3799253177600353 0.18241356539290265 -0.00077129545969702867 -1.8744178522600912 -0.0017316271836198256
 0.38135256723870503 0.10340308568132128 -0.00040890954351879664 -1.9250317921878679 -0.0017375192097250334
 0.38200272509441147 0.027192337776788644 -6.0048003322392754e-05 -1.9403601398864652 -0.0017398505172093472
 0.38190949751451136 -0.045097710585623396 0.00027019845644354196 -1.9221721274076344 -0.0017387822875201072
 0.38111715751811243 -0.11247643061661305 0.00057734466635224989 -1.8726990682830689 -0.0017345236208895448
 0.37967919328957628 -0.17409270650049469 0.00085755164290959342 -1.7945702835567801 -0.0017273252666595114
 0.37765687916922691 -0.22924123590949308 0.0011076540358769503 -1.6907460144934578 -0.0017174730132742621
