# Created by Octave 6.2.0, Sat May 14 17:22:49 2022 UTC <www-data@d6bdc1b0e70d>
# name: x
# type: matrix
# rows: 501
# columns: 5
 0 0 0 0 0
 0.055445325344822258 6.4410978731594604 -0.030230162590563079 41.939908121946743 -0.00028716401757931172
 0.12620476789060353 7.6421031237244819 -0.035669375218651558 38.813651499799541 -0.00061853389004406004
 0.20761912834103619 8.607413189781429 -0.040004167042546925 34.877936479147664 -0.00099767408277481764
 0.29768512716625295 9.372194119916287 -0.043414254699545664 30.579007450292821 -0.0014155397340349289
 0.39439073420446119 9.9354056813425373 -0.045897001395066139 26.01270370276098 -0.0018628663325593684
 0.49572801365003638 10.299157035899912 -0.047463935694647082 21.271207911621158 -0.0023304254139987607
 0.59972647961872061 10.468788538497954 -0.048141313780467106 16.44433258799998 -0.0028091783622549962
 0.70448408523054817 10.452598677967105 -0.047968845007399563 11.618166652639623 -0.0032904175304421784
 0.8081952818910183 10.261534587027205 -0.046998251293790941 6.87384156538036 -0.0037658936834048368
 0.90917584364736359 9.9088557645420288 -0.045291707118846641 2.2864515508721439 -0.0042279284089273986
 1.0058842249176567 9.4097782235548735 -0.042920193332536036 -2.0758626061005003 -0.0046695104705046873
 1.0969392915193434 8.7811061748718764 -0.03996179741770961 -6.1526601810872705 -0.0050843754036029856
 1.1811343351177659 8.0408581570210309 -0.036499991868799674 -9.8917747307317327 -0.0054670679792737783
 1.2574473488883984 7.2078942198166178 -0.032621920900515411 -13.249716159694117 -0.0058129874687474579
 1.3250476063455541 6.3015503714740628 -0.028416723824176628 -16.191903760974441 -0.0061184159357208041
 1.3832986450580331 5.3412860203121735 -0.023973921184705489 -18.692736020113138 -0.0063805300554885553
 1.4317578115955627 4.3463495942916941 -0.019381887196752611 -20.735505386603478 -0.0065973972084600032
 1.4701725729057613 3.3354669181419343 -0.014726429214743585 -22.312168352120054 -0.0067679568171498889
 1.4984738419193231 2.3265562819710897 -0.010089491980261885 -23.422983014814648 -0.0068919880882546934
 1.5167666011642198 1.336473460337201 -0.0055480012722285768 -24.076027838048873 -0.0069700654833501257
 1.5253181373127402 0.38078924979653728 -0.0011728584005118725 -24.286616522645943 -0.0070035033721074606
 1.5245442217909126 -0.52639860151254325 0.0029719062106922933 -24.076624801977601 -0.0069942914203459938
 1.5149935878733201 -1.3726178847682657 0.0068298152528544556 -23.47374554239542 -0.0069450223318958653
 1.4973310632074079 -2.1471383210003552 0.010352460533909896 -22.510688796239926 -0.0068588135988434558
 1.4723197187057899 -2.8410519675148098 0.013499853620471208 -21.224343424184845 -0.0067392249204559166
 1.4408023905542238 -3.4473183550073792 0.016240614723248094 -19.654916595468087 -0.006590172928552099
 1.4036829221326157 -3.9607756223030925 0.018552005941175974 -17.845066909763602 -0.0064158448083061308
 1.3619074574348728 -4.3781194147701985 0.020419817246199026 -15.839046087299948 -0.006220612330765745
 1.3164460976587304 -4.6978517531920634 0.021838115585921733 -13.681863171086469 -0.0060089477193372761
 1.2682752086239573 -4.9202024581807873 0.022808869187452369 -11.41848400544324 -0.0057853426599396626
 1.2183606392059056 -5.0470260283051278 0.023341460550629488 -9.0930774284501652 -0.0055542316364176917
 1.1676420807019232 -5.081677116463565 0.023452102716124482 -6.7483181731869806 -0.0053199206321788307
 1.1170187646505794 -5.0288679283504152 0.023163174182862553 -4.4247549446663328 -0.0050865220889624464
 1.0673366627650653 -4.8945109799745179 0.02250248833424575 -2.160250556764538 -0.0048578968572304797
 1.0193773179759877 -4.685550699996746 0.021502513423094546 0.010500594018246545 -0.004637603712881219
 0.97384840073446033 -4.4097873500278286 0.020199559074772284 2.0563740450155237 -0.0044288568547136368
 0.9313760503002676 -4.0756966657129787 0.01863294491427351 3.9501336746358078 -0.0042344916390324623
 0.89249902728685715 -3.6922484979214794 0.016844166327217504 5.6686664193888419 -0.0040569386545133319
 0.85766467176182781 -3.2687275617905893 0.014876071550620693 7.193134160676486 -0.0038982060942470585
 0.82722663116110995 -2.8145591873906675 0.012772063283257466 8.5090449850625376 -0.003759870244805058
 0.80144429456145294 -2.3391427154177205 0.010575336835307772 9.6062472512123556 -0.0036430737859957404
 0.78048384480156818 -1.851694900881304 0.0083281655319355496 10.478850997797053 -0.0035485314812098117
 0.76442081781596372 -1.3611053836844444 0.0060712426751484416 11.125082188243024 -0.0034765427380822108
 0.75324403955108055 -0.87580596376003506 0.00384308788251915 11.54707610211678 -0.0034270104335331702
 0.74686079511036174 -0.40365508642349468 0.0016795240894308047 11.750616843962788 -0.0033994653266982301
 0.74510307239987295 0.048161392972721373 -0.00038677004814363647 11.744830446222256 -0.0033930953281354221
 0.74773471353483667 0.47321243121724876 -0.0023266291536193223 11.541839393862524 -0.0034067788540478828
 0.75445930157829422 0.86588660069109658 -0.0041146898414089958 11.156386597531235 -0.003439121469859991
 0.76492860772088367 1.221439384799492 -0.0057295988965734498 10.605436894785406 -0.0034884950178690217
 0.77875142463147717 1.5360231756920797 -0.0071541420473981918 9.9077640727620171 -0.0035530784281747811
 0.79550261522459775 1.8067004634312602 -0.0083752957267235265 9.0835311899811373 -0.0036308994297815141
 0.81473221227666526 2.0314409603740926 -0.009384205375489646 8.153871640872751 -0.0037198764086130787
 0.83597441292177699 2.20910363200302 -0.01017609487332425 7.1404779665165776 -0.0038178596999837036
 0.8587563227856998 2.3394048035076964 -0.010750112576004112 6.0652048824712281 -0.0039226716535070124
 0.88260631707127402 2.4228736784422211 -0.011109120191044909 4.9496923837184497 -0.0040321448671033341
 0.90706189997341924 2.4607967407332985 -0.011259431326124697 3.8150141124279386 -0.0041441580522195397
 0.93167695905406622 2.4551526137679471 -0.011210506998877268 2.6813554514460023 -0.0042566690631164906
 0.95602832732186738 2.4085390203879817 -0.010974615701763696 1.567725050069555 -0.004367744697613269
 0.97972158241791607 2.3240935260423261 -0.010566465775651949 0.4917027134327796 -0.0044755869535330331
 1.0023960291956295 2.2054097552706815 -0.010002817866058167 -0.53077419316768726 -0.0045785555028466964
 1.0237288288031767 2.0564507507319587 -0.0093020851244091929 -1.4855844450602262 -0.0046751862227984347
 1.0434382538512668 1.8814610961601264 -0.0084839285826263308 -2.3605561344230139 -0.0047642056988480208
 1.0612860651205607 1.684879352276726 -0.007568854783780346 -3.1455594100334494 -0.0048445416869082186
 1.077079020299093 1.4712522604388969 -0.0065778223067408034 -3.8325595436788333 -0.0049153295910361995
 1.0906695392360095 1.2451520554976181 -0.0055318632918262556 -4.4156317097978928 -0.0049759150765286437
 1.1019555629779847 1.0110980999830605 -0.004451725471329715 -4.8909394292220867 -0.0050258529964788447
 1.1108796552737683 0.77348390942058565 -0.0033575395477379935 -5.2566791269544737 -0.0050649028616298782
 1.1174274051765747 0.53651048644971233 -0.0022685160579324279 -5.5129936831179265 -0.0050930211282936193
 1.1216251977608975 0.30412672259211782 -0.001202675127996447 -5.6618582123172772 -0.0051103506168383482
 1.123537426748269 0.079977464049372671 -0.00017661177447760024 -5.7069415879013832 -0.0051172074035569183
 1.1232632279838568 -0.13264032525183644 0.00079470134248103147 -5.653447433551861 -0.0051140655515297421
 1.1209328162297423 -0.33081303122533612 0.0016980725480948769 -5.5079384361266648 -0.0051015400614398531
 1.1167035096752245 -0.51203737206028066 0.0025222107144400041 -5.2781478928140615 -0.0050803684313515196
 1.1107555269683145 -0.67423892914557193 0.0032578059878734036 -4.9727823955689985 -0.0050513912155125511
 1.1032876405268737 -0.81578240032044391 0.0038975725554930146 -4.601319480654702 -0.005015531966668367
