# Created by Octave 6.2.0, Mon May 09 10:42:12 2022 UTC <www-data@20e9680fb889>
# name: y
# type: matrix
# rows: 501
# columns: 1
 0
 -1.6626589424809692
 -1.9618156370258357
 -2.2002291873400805
 -2.3877840084750117
 -2.5243350767286374
 -2.6105164632055899
 -2.6477722579256904
 -2.6382864754069759
 -2.5849038211585018
 -2.4910438915365649
 -2.3606106332894821
 -2.1978988579740277
 -2.0074995527839814
 -1.7942056495283467
 -1.5629198103297133
 -1.3185656651588016
 -1.066003795821393
 -0.80995360681089634
 -0.55492205891440261
 -0.30514006997257082
 -0.064507212028152905
 0.16345484158807699
 0.37563983890699437
 0.56938532936504416
 0.74249194912591587
 0.89323380977864453
 1.0203603267646781
 1.1230899485409456
 1.2010963572256932
 1.2544878053098776
 1.2837803302846189
 1.2898656493868428
 1.2739745800574371
 1.237636858383512
 1.1826382382701968
 1.1109757491124732
 1.0248119702850409
 0.92642914799696108
 0.81818393528413669
 0.7024634805791603
 0.58164352594192792
 0.45804910425645673
 0.33391834713316437
 0.21136983353855476
 0.092373824918695613
 -0.021272352647898618
 -0.12796460344906091
 -0.2263079412774931
 -0.3151279393115376
 -0.39347781260689718
 -0.46064126496978997
 -0.51613129565192661
 -0.55968521803283022
 -0.59125619168022236
 -0.61100161050746626
 -0.61926872293685498
 -0.61657788493824683
 -0.60360386359700091
 -0.58115561766085477
 -0.55015498263319795
 -0.51161468184250403
 -0.46661607204444677
 -0.41628701310791794
 -0.36178022687074329
 -0.30425248105044411
 -0.24484490092313527
 -0.18466467512559115
 -0.12476838318628469
 -0.0661471320398066
 -0.0097136475962709135
 0.043708573836453768
 0.093393990145215211
 0.13872158929419709
 0.17917932933303349
 0.2143664905521121
 0.24399402016405625
 0.26788297903695768
 0.28596122563499926
 0.29825849420661288
 0.30490004224630129
 0.30609905626528611
 0.30214801493086507
 0.29340921473529824
 0.28030466565475165
 0.26330556293718943
 0.24292153644522751
 0.21968987115008054
 0.19416488173644919
 0.16690761117573771
 0.13847600791836157
 0.10941571942171691
 0.080251621452759547
 0.051480183367626386
 0.023562749753966994
 -0.0030802012087165487
 -0.02807378221025858
 -0.051092383064509583
 -0.071862316399275317
 -0.090163438060191003
 -0.10582977387400505
 -0.11874919931103389
 -0.12886223184246037
 -0.13616000727684918
 -0.14068152099000231
 -0.14251022267791313
 -0.14177005904433582
 -0.1386210626961053
 -0.1332545875063289
 -0.12588829089205578
 -0.11676096193939567
 -0.10612729121841058
 -0.094252673605002224
 -0.081408129625983428
 -0.067865423937435221
 -0.053892451714940171
 -0.039748955162210553
 -0.025682623218752365
 -0.011925618052786469
 0.0013084377563976624
 0.013826989138624235
 0.02546057689374015
 0.036064361075920592
 0.045519142788534861
 0.053731896018494485
 0.060635828711689932
 0.066189999105845221
 0.070378519322778832
 0.073209383325605337
 0.074712960532700823
 0.074940199631563065
 0.073960589451035785
 0.071859925144584391
 0.068737928439864815
 0.064705770363477688
 0.059883543709166487
 0.054397730647566034
 0.048378708349374522
 0.041958332391597519
 0.03526763412363354
 0.028434664175028157
 0.021582509979982234
 0.014827510665563537
 0.0082776879898487365
 0.0020314073089904294
 -0.0038237221197541249
 -0.0092117027520906003
 -0.014068759918880236
 -0.018343712300170179
 -0.021998109306735403
 -0.02500614644889243
 -0.027354372869925703
 -0.029041207902632094
 -0.030076285751128973
 -0.030479649193472458
 -0.030280814539643819
 -0.02951773096749033
 -0.028235657807408554
 -0.026485983372507294
 -0.024325008558592875
 -0.021812717696704453
 -0.019011558063761536
 -0.01598524808159496
 -0.012797632601433184
 -0.0095116018221224063
 -0.0061880883694629407
 -0.0028851549148656286
 0.00034281752233411567
 0.0034458327207673722
 0.0063788682607135438
 0.0091023470361157877
 0.011582490093992703
 0.013791551684118719
 0.015707939332269216
 0.017316223522523266
 0.018607043167363946
 0.019576914442153592
 0.020227951750630968
 0.020567510562352398
 0.020607762617470993
 0.020365214528831332
 0.019860181129754295
 0.019116225025085365
 0.018159573713314892
 0.017018525371775839
 0.01572285395040729
 0.014303223619635652
 0.012790621883532749
 0.011215819820565853
 0.009608866971862362
 0.0079986273821759379
 0.0064123622328773333
 0.0048753634101905696
 0.0034106412456957891
 0.0020386685690254591
 0.00077718214263322594
 -0.00035895847806455272
 -0.0013578555842364004
 -0.0022106032750390803
 -0.0029112653780469788
 -0.0034568046896492621
 -0.0038469675220373922
 -0.0040841280661139123
 -0.0041730974964402368
 -0.0041209030543885028
 -0.0039365425498003592
 -0.0036307198223475279
 -0.0032155667057387483
 -0.0027043569464690886
 -0.0021112173509560961
 -0.0014508411785523201
 -0.00073820847191830019
 1.1682369962517924e-05
 0.00078406790724527831
 0.0015646544707206278
 0.0023398315829867844
 0.0030968616285398376
 0.0038240439471026733
 0.004510852059574022
 0.0051480432620174543
 0.0057277403317712583
 0.0062434855735162831
 0.006690267885268053
 0.0070645239389881542
 0.0073641149429812813
 0.0075882807796683327
 0.0077375735898124187
 0.0078137731009855216
 0.0078197861731226226
 0.0077595331574029647
 0.0076378237373344593
 0.0074602249445185898
 0.0072329240184925148
 0.0069625887134308062
 0.0066562275479065125
 0.0063210523514647399
 0.0059643452879221126
 0.0055933323347785446
 0.0052150649758337941
 0.0048363116250247362
 0.004463460048607315
 0.0041024317950633105
 0.0037586093821300182
 0.0034367767327585508
 0.0031410731007202042
 0.002874960485845568
 0.00264120431201742
 0.0024418669309955732
 0.0022783133245316556
 0.0021512282081126433
 0.002060643593684075
 0.002005975746927513
 0.0019860703778167288
 0.0019992548314127223
 0.0020433959989436534
 0.002115962646545233
 0.0022140908595598141
 0.0023346513226947252
 0.002474317198978282
 0.0026296314314504521
 0.0027970723687804622
 0.002973116707331469
 0.0031542988452051279
 0.0033372658560826274
 0.0035188274098956196
 0.0036960000909742607
 0.0038660456901278284
 0.0040265031727990674
 0.0041752141488957673
 0.0043103417892300655
 0.0044303832468719495
 0.0045341757476284883
 0.004620896610893821
 0.0046900575492045959
 0.0047414936710403754
 0.004775347676121422
 0.0047920497852027566
 0.004792293986956464
 0.0047770112130369746
 0.0047473400689586054
 0.0047045957534845861
 0.0046502377933379524
 0.0045858372039682127
 0.0045130436616784841
 0.0044335532385919585
 0.0043490772107968034
 0.0042613124026527061
 0.0041719134777731259
 0.0040824675309223402
 0.0039944712759734102
 0.0039093110644738971
 0.0038282459082936704
 0.0037523936193104568
 0.0036827201201947712
 0.0036200319239123591
 0.003564971726397248
 0.0035180170076773987
 0.0034794814921668138
 0.0034495192792949325
 0.0034281314216177972
 0.003415174699160195
 0.0034103723162421939
 0.0034133262304536505
 0.0034235308126320252
 0.0034403875316459942
 0.0034632203581195231
 0.0034912915867240102
 0.0035238177868675002
 0.0035599856061285795
 0.0035989671691034619
 0.0036399348358946426
 0.0036820751088182391
 0.003724601502354874
 0.0037667662194365015
 0.0038078705062649654
 0.0038472735874097719
 0.0038844001124638261
 0.0039187460745180314
 0.0039498831886981556
 0.0039774617455861083
 0.0040012119791450473
 0.004020944011480454
 0.0040365464571148202
 0.0040479837872728908
 0.0040552925697217024
 0.0040585767120211447
 0.004058001845429704
 0.0040537889932932281
 0.004046207671516644
 0.00403556856978593
 0.0040222159607168351
 0.0040065199802363782
 0.0039888689164346847
 0.0039696616360884729
 0.003949300268333511
 0.0039281832537643169
 0.0039066988548803749
 0.0038852192105234273
 0.0038640950030521815
 0.003843650792754838
 0.0038241810596357784
 0.0038059469785105549
 0.0037891739395334856
 0.003774049813028979
 0.0037607239450561103
 0.0037493068586218481
 0.0037398706250304503
 0.0037324498606283729
 0.0037270432962499545
 0.0037236158600681968
 0.003722101209330253
 0.0037224046425972102
 0.003724406321663265
