# Created by Octave 6.2.0, Mon May 23 20:35:38 2022 CEST <www-data@0d3c65567216>
# name: t
# type: matrix
# rows: 501
# columns: 1
 0
 0.01
 0.02
 0.029999999999999999
 0.040000000000000001
 0.050000000000000003
 0.059999999999999998
 0.070000000000000007
 0.080000000000000002
 0.089999999999999997
 0.10000000000000001
 0.11
 0.12
 0.13
 0.14000000000000001
 0.14999999999999999
 0.16
 0.17000000000000001
 0.17999999999999999
 0.19
 0.20000000000000001
 0.20999999999999999
 0.22
 0.23000000000000001
 0.23999999999999999
 0.25
 0.26000000000000001
 0.27000000000000002
 0.28000000000000003
 0.28999999999999998
 0.29999999999999999
 0.31
 0.32000000000000001
 0.33000000000000002
 0.34000000000000002
 0.35000000000000003
 0.35999999999999999
 0.37
 0.38
 0.39000000000000001
 0.40000000000000002
 0.41000000000000003
 0.41999999999999998
 0.42999999999999999
 0.44
 0.45000000000000001
 0.46000000000000002
 0.47000000000000003
 0.47999999999999998
 0.48999999999999999
 0.5
 0.51000000000000001
 0.52000000000000002
 0.53000000000000003
 0.54000000000000004
 0.55000000000000004
 0.56000000000000005
 0.57000000000000006
 0.57999999999999996
 0.58999999999999997
 0.59999999999999998
 0.60999999999999999
 0.62
 0.63
 0.64000000000000001
 0.65000000000000002
 0.66000000000000003
 0.67000000000000004
 0.68000000000000005
 0.69000000000000006
 0.70000000000000007
 0.70999999999999996
 0.71999999999999997
 0.72999999999999998
 0.73999999999999999
 0.75
 0.76000000000000001
 0.77000000000000002
 0.78000000000000003
 0.79000000000000004
 0.80000000000000004
 0.81000000000000005
 0.82000000000000006
 0.83000000000000007
 0.83999999999999997
 0.84999999999999998
 0.85999999999999999
 0.87
 0.88
 0.89000000000000001
 0.90000000000000002
 0.91000000000000003
 0.92000000000000004
 0.93000000000000005
 0.94000000000000006
 0.95000000000000007
 0.95999999999999996
 0.96999999999999997
 0.97999999999999998
 0.98999999999999999
 1
 1.01
 1.02
 1.03
 1.04
 1.05
 1.0600000000000001
 1.0700000000000001
 1.0800000000000001
 1.0900000000000001
 1.1000000000000001
 1.1100000000000001
 1.1200000000000001
 1.1300000000000001
 1.1400000000000001
 1.1500000000000001
 1.1599999999999999
 1.1699999999999999
 1.1799999999999999
 1.1899999999999999
 1.2
 1.21
 1.22
 1.23
 1.24
 1.25
 1.26
 1.27
 1.28
 1.29
 1.3
 1.3100000000000001
 1.3200000000000001
 1.3300000000000001
 1.3400000000000001
 1.3500000000000001
 1.3600000000000001
 1.3700000000000001
 1.3800000000000001
 1.3900000000000001
 1.4000000000000001
 1.4099999999999999
 1.4199999999999999
 1.4299999999999999
 1.4399999999999999
 1.45
 1.46
 1.47
 1.48
 1.49
 1.5
 1.51
 1.52
 1.53
 1.54
 1.55
 1.5600000000000001
 1.5700000000000001
 1.5800000000000001
 1.5900000000000001
 1.6000000000000001
 1.6100000000000001
 1.6200000000000001
 1.6300000000000001
 1.6400000000000001
 1.6500000000000001
 1.6600000000000001
 1.6699999999999999
 1.6799999999999999
 1.6899999999999999
 1.7
 1.71
 1.72
 1.73
 1.74
 1.75
 1.76
 1.77
 1.78
 1.79
 1.8
 1.8100000000000001
 1.8200000000000001
 1.8300000000000001
 1.8400000000000001
 1.8500000000000001
 1.8600000000000001
 1.8700000000000001
 1.8800000000000001
 1.8900000000000001
 1.9000000000000001
 1.9100000000000001
 1.9199999999999999
 1.9299999999999999
 1.9399999999999999
 1.95
 1.96
 1.97
 1.98
 1.99
 2
 2.0100000000000002
 2.02
 2.0300000000000002
 2.04
 2.0499999999999998
 2.0600000000000001
 2.0699999999999998
 2.0800000000000001
 2.0899999999999999
 2.1000000000000001
 2.1099999999999999
 2.1200000000000001
 2.1299999999999999
 2.1400000000000001
 2.1499999999999999
 2.1600000000000001
 2.1699999999999999
 2.1800000000000002
 2.1899999999999999
 2.2000000000000002
 2.21
 2.2200000000000002
 2.23
 2.2400000000000002
 2.25
 2.2600000000000002
 2.27
 2.2800000000000002
 2.29
 2.3000000000000003
 2.3100000000000001
 2.3199999999999998
 2.3300000000000001
 2.3399999999999999
 2.3500000000000001
 2.3599999999999999
 2.3700000000000001
 2.3799999999999999
 2.3900000000000001
 2.3999999999999999
 2.4100000000000001
 2.4199999999999999
 2.4300000000000002
 2.4399999999999999
 2.4500000000000002
 2.46
 2.4700000000000002
 2.48
 2.4900000000000002
 2.5
 2.5099999999999998
 2.52
 2.5299999999999998
 2.54
 2.5499999999999998
 2.5600000000000001
 2.5699999999999998
 2.5800000000000001
 2.5899999999999999
 2.6000000000000001
 2.6099999999999999
 2.6200000000000001
 2.6299999999999999
 2.6400000000000001
 2.6499999999999999
 2.6600000000000001
 2.6699999999999999
 2.6800000000000002
 2.6899999999999999
 2.6999999999999997
 2.71
 2.7199999999999998
 2.73
 2.7399999999999998
 2.75
 2.7599999999999998
 2.77
 2.7799999999999998
 2.79
 2.7999999999999998
 2.8100000000000001
 2.8199999999999998
 2.8300000000000001
 2.8399999999999999
 2.8500000000000001
 2.8599999999999999
 2.8700000000000001
 2.8799999999999999
 2.8900000000000001
 2.8999999999999999
 2.9100000000000001
 2.9199999999999999
 2.9300000000000002
 2.9399999999999999
 2.9500000000000002
 2.96
 2.9699999999999998
 2.98
 2.9899999999999998
 3
 3.0099999999999998
 3.02
 3.0300000000000002
 3.04
 3.0499999999999998
 3.0600000000000001
 3.0700000000000003
 3.0800000000000001
 3.0899999999999999
 3.0999999999999996
 3.1099999999999999
 3.1200000000000001
 3.1299999999999999
 3.1399999999999997
 3.1499999999999999
 3.1600000000000001
 3.1699999999999999
 3.1799999999999997
 3.1899999999999999
 3.2000000000000002
 3.21
 3.2199999999999998
 3.23
 3.2400000000000002
 3.25
 3.2599999999999998
 3.27
 3.2800000000000002
 3.29
 3.2999999999999998
 3.3100000000000001
 3.3200000000000003
 3.3300000000000001
 3.3399999999999999
 3.3499999999999996
 3.3599999999999999
 3.3700000000000001
 3.3799999999999999
 3.3899999999999997
 3.3999999999999999
 3.4100000000000001
 3.4199999999999999
 3.4299999999999997
 3.4399999999999999
 3.4500000000000002
 3.46
 3.4699999999999998
 3.48
 3.4900000000000002
 3.5
 3.5099999999999998
 3.52
 3.5300000000000002
 3.54
 3.5499999999999998
 3.5600000000000001
 3.5700000000000003
 3.5800000000000001
 3.5899999999999999
 3.5999999999999996
 3.6099999999999999
 3.6200000000000001
 3.6299999999999999
 3.6399999999999997
 3.6499999999999999
 3.6600000000000001
 3.6699999999999999
 3.6799999999999997
 3.6899999999999999
 3.7000000000000002
 3.71
 3.7199999999999998
 3.73
 3.7400000000000002
 3.75
 3.7599999999999998
 3.77
 3.7800000000000002
 3.79
 3.7999999999999998
 3.8100000000000001
 3.8200000000000003
 3.8300000000000001
 3.8399999999999999
 3.8499999999999996
 3.8599999999999999
 3.8700000000000001
 3.8799999999999999
 3.8899999999999997
 3.8999999999999999
 3.9100000000000001
 3.9199999999999999
 3.9299999999999997
 3.9399999999999999
 3.9500000000000002
 3.96
 3.9699999999999998
 3.98
 3.9900000000000002
 4
 4.0099999999999998
 4.0199999999999996
 4.0300000000000002
 4.04
 4.0499999999999998
 4.0599999999999996
 4.0700000000000003
 4.0800000000000001
 4.0899999999999999
 4.0999999999999996
 4.1100000000000003
 4.1200000000000001
 4.1299999999999999
 4.1399999999999997
 4.1500000000000004
 4.1600000000000001
 4.1699999999999999
 4.1799999999999997
 4.1899999999999995
 4.2000000000000002
 4.21
 4.2199999999999998
 4.2300000000000004
 4.2400000000000002
 4.25
 4.2599999999999998
 4.2699999999999996
 4.2800000000000002
 4.29
 4.2999999999999998
 4.3099999999999996
 4.3200000000000003
 4.3300000000000001
 4.3399999999999999
 4.3499999999999996
 4.3600000000000003
 4.3700000000000001
 4.3799999999999999
 4.3899999999999997
 4.4000000000000004
 4.4100000000000001
 4.4199999999999999
 4.4299999999999997
 4.4399999999999995
 4.4500000000000002
 4.46
 4.4699999999999998
 4.4800000000000004
 4.4900000000000002
 4.5
 4.5099999999999998
 4.5199999999999996
 4.5300000000000002
 4.54
 4.5499999999999998
 4.5599999999999996
 4.5700000000000003
 4.5800000000000001
 4.5899999999999999
 4.5999999999999996
 4.6100000000000003
 4.6200000000000001
 4.6299999999999999
 4.6399999999999997
 4.6500000000000004
 4.6600000000000001
 4.6699999999999999
