# Created by Octave 6.2.0, Tue May 10 20:44:16 2022 UTC <www-data@116a3dc320f6>
# name: y
# type: matrix
# rows: 501
# columns: 1
 0
 -0.15115081295281538
 -0.17834687609325778
 -0.20002083521273459
 -0.21707127349772828
 -0.2294850069753307
 -0.23731967847323543
 -0.24070656890233549
 -0.23984422503699776
 -0.23499125646895463
 -0.22645853559423312
 -0.21460096666268008
 -0.19980898708854794
 -0.18249995934399824
 -0.16310960450257689
 -0.14208361912088299
 -0.11986960592352729
 -0.096909435983762893
 -0.073632146073717639
 -0.050447459901309055
 -0.027740006361142558
 -0.0058642920025591405
 0.014859531053461689
 0.034149076264272354
 0.051762302669549592
 0.067499268102356041
 0.081203073616240434
 0.092760029705879848
 0.10209908623099498
 0.10919057792960848
 0.11404434593726168
 0.11670730275314731
 0.11726051358062226
 0.11581587091431264
 0.11251244167122856
 0.10751256711547266
 0.10099779537386142
 0.093164724571367513
 0.08422083163608754
 0.074380357753103504
 0.063860316416287394
 0.052876684176538874
 0.04164082765967772
 0.030356213375742153
 0.019215439412595653
 0.0083976204471538918
 -0.0019338502407184321
 -0.011633145768096848
 -0.020573449207045139
 -0.028647994482867353
 -0.035770710236991063
 -0.041876478633617681
 -0.046921026877448258
 -0.050880474366621284
 -0.053750562880020628
 -0.055545600955224581
 -0.056297156630623582
 -0.056052534994386394
 -0.054873078508818507
 -0.052832328878259685
 -0.050014089330290806
 -0.046510425622045909
 -0.04241964291313155
 -0.037844273918901619
 -0.032889111533703844
 -0.027659316459131236
 -0.022258627356648561
 -0.016787697738689961
 -0.011342580289662091
 -0.0060133756399822491
 -0.00088305887238801506
 0.0039735067124051227
 0.0084903627404743498
 0.012611053572199965
 0.0162890299393669
 0.019487862777464976
 0.02218127456036903
 0.02435299809426919
 0.025996475057727481
 0.027114408564237774
 0.027718185658754918
 0.027827186933208153
 0.02746800135735164
 0.026673564975936398
 0.025482242332250354
 0.023936869357926577
 0.022083776040475428
 0.01997180646818944
 0.017651352885131893
 0.015173419197794441
 0.012588727992578402
 0.009946883583792504
 0.0072956019502509462
 0.0046800166697842649
 0.0021420681594515323
 -0.00028001829170157255
 -0.0025521620191144845
 -0.0046447620967737524
 -0.0065329378544796979
 -0.008196676187290225
 -0.0096208885340006434
 -0.010795381755548755
 -0.011714748349314769
 -0.012378182479713756
 -0.012789229180909495
 -0.012955474788901439
 -0.012888187185848915
 -0.012601914790555196
 -0.012114053409666509
 -0.01144439008109624
 -0.010614632903581694
 -0.0096479355653103227
 -0.0085684248731822954
 -0.0074007390569078291
 -0.006169583994312583
 -0.0048993137922675178
 -0.0036135413783830173
 -0.0023347839289776517
 -0.0010841470957080601
 0.0001189488869451083
 0.0012569990126020392
 0.0023145978994308092
 0.0032785782796289908
 0.0041381038898667122
 0.0048847178198631325
 0.0055123480646990519
 0.0060172726459859216
 0.0063980472111617448
 0.0066553984841460634
 0.0067920873211547994
 0.0068127454210513971
 0.0067236899500944525
 0.0065327204676897954
 0.0062489025854425562
 0.0058823427603164335
 0.005443958519015496
 0.004945248240688177
 0.0043980643953979992
 0.0038143938537818223
 0.0032061485566942383
 0.00258496947045736
 0.0019620463618167661
 0.00134795551505143
 0.00075251708998638756
 0.0001846733917264809
 -0.0003476111017958472
 -0.00083742752291740552
 -0.0012789781744438067
 -0.0016676102091065237
 -0.0019998281187943168
 -0.002273286040808703
 -0.002486761169993551
 -0.0026401098093305209
 -0.002734207795557414
 -0.0027708771994068015
 -0.0027528013217860414
 -0.0026834300879538253
 -0.0025668779824918608
 -0.002407816670228019
 -0.0022113644144176325
 -0.0019829743360640639
 -0.0017283234603419351
 -0.0014532043710541453
 -0.0011634211455848475
 -0.00086469107473838291
 -0.00056255348813286088
 -0.00026228681044218605
 3.1165229303270481e-05
 0.00031325752006991503
 0.00057989711461040039
 0.0008274860941925033
 0.0010529536449085664
 0.0012537774258290224
 0.001427994484751699
 0.0015742021384111682
 0.0016915493788512148
 0.0017797194947411776
 0.0018389047046027673
 0.0018697736874865589
 0.0018734329652245474
 0.0018513831389845581
 0.0018054710117957062
 0.0017378386386440459
 0.001650870337573912
 0.0015471386701613465
 0.0014293503591278067
 0.0013002930563304205
 0.0011627838075938535
 0.0010196199836877973
 0.00087353336107839907
 0.00072714794383418879
 0.00058294202117067928
 0.00044321485547185735
 0.00031005829506328131
 0.00018533350627500389
 7.0652922057629075e-05
 -3.2632588914977001e-05
 -0.0001234414167488318
 -0.00020096393409455016
 -0.00026466048891346516
 -0.00031425497178641515
 -0.00034972432018534616
 -0.00037128436964686817
 -0.00037937249967642805
 -0.00037462755039904816
 -0.00035786750452734828
 -0.00033006543839533831
 -0.00029232424597633311
 -0.00024585063149731856
 -0.00019192885008703642
 -0.00013189465259574873
 -6.7109861083519684e-05
 1.0620336328981406e-06
 7.1278900658638955e-05
 0.00014224131552001418
 0.00021271196208969001
 0.00028153287532187155
 0.00034764035882758892
 0.00041007745996138323
 0.00046800393291077103
 0.00052070366652481881
 0.00056758959759259375
 0.00060820617138826472
 0.00064222944899913759
 0.00066946499481670974
 0.00068984370724281541
 0.00070341578089225254
 0.00071034300918068616
 0.00071088965210222566
 0.00070541210521854469
 0.00069434761248501897
 0.00067820226768358638
 0.00065753854713571092
 0.00063296261031189904
 0.00060511159526419056
 0.00057464112286040314
 0.00054221320799288653
 0.00050848475770706725
 0.00047409681598484243
 0.00043966469318398871
 0.00040576909532788474
 0.00037294834500575802
 0.00034169176201179208
 0.00031243424843260814
 0.00028555210006550591
 0.00026136004416785208
 0.00024010948291072753
 0.00022198790281782732
 0.00020711939313924899
 0.00019556620073754583
 0.0001873312357895951
 0.00018236143153890771
 0.00018055185252882633
 0.00018175043921933587
 0.0001857632726312286
 0.00019236024059496315
 0.00020128098723262711
 0.00021224102933573019
 0.00022493792717967476
 0.00023905740285898314
 0.00025427930625263051
 0.00027028333703008056
 0.00028675444047307486
 0.0003033878050983374
 0.00031989340089957907
 0.00033600000827030407
 0.00035145869910249705
 0.00036604574298174097
 0.00037956492262694597
 0.00039184925356636202
 0.00040276211335202317
 0.00041219779523901656
 0.00042008151008135486
 0.00042636886810967778
 0.00043104487918568801
 0.00043412251601124274
 0.00043564088956413172
 0.0004356630897235092
 0.00043427374663992935
 0.00043157636990556747
 0.0004276905230442829
 0.0004227488903037202
 0.00041689429127009237
 0.0004102766965165261
 0.00040305029441775608
 0.00039537065552733286
 0.00038739203660506649
 0.0003792648616160188
 0.00037113341190228577
 0.00036313375236143863
 0.00035539191495245759
 0.00034802235529970971
 0.00034112669266481155
 0.00033479273819961297
 0.00032909381126480786
 0.0003240883387633231
 0.00031981972797071045
 0.00031631649928789973
 0.00031359266175409739
 0.00031164831105615076
 0.00031047042719631324
 0.00031003384693109592
 0.00031030238458670811
 0.00031123007387565127
 0.00031276250287684548
 0.00031483821437447435
 0.00031739014424761458
 0.00032034707153341668
 0.0003236350551025502
 0.00032717883355479205
 0.00033090316689940447
 0.00033473410080162025
 0.00033860013657768806
 0.00034243329267599765
 0.0003461700460241357
 0.0003497521443099616
 0.0003531272829512544
 0.00035624964313799024
 0.00035908028988165808
 0.00036158743141692651
 0.00036374654355866842
 0.00036554036467997819
 0.00036695876882855694
 0.00036799852611565931
 0.00036866296088375328
 0.00036896151927470755
 0.00036890925867547053
 0.00036852627211755862
 0.00036783706104695502
 0.00036686986998055171
 0.00036565599642882085
 0.00036422908911235008
 0.00036262444694853957
 0.00036087833055345464
 0.00035902729712114501
 0.00035710756852400105
 0.00035515444135272856
 0.00035320174641115254
