# Created by Octave 6.2.0, Mon May 23 20:57:54 2022 CEST <www-data@0d3c65567216>
# name: x
# type: matrix
# rows: 501
# columns: 5
 0 0 0 0 0
 0.016633597603446675 1.9323293619478381 -0.0090690487771689244 12.581972436584023 -8.6149205273793519e-05
 0.037861430367181051 2.2926309371173441 -0.010700812565595469 11.644095449939861 -0.00018556016701321799
 0.06228573850231086 2.5822239569344281 -0.012001250112764077 10.4633809437443 -0.00029930222483244529
 0.089305538149875893 2.8116582359748854 -0.013024276409863698 9.1737022350878465 -0.00042466192021047862
 0.11831722026133838 2.9806217044027608 -0.013769100418519841 7.8038111108282937 -0.00055885989976781048
 0.14871840409501091 3.0897471107699728 -0.014239180708394125 6.3813623734863461 -0.00069912762419962809
 0.17991794388561622 3.140636561549385 -0.014442394134140127 4.9332997763999957 -0.00084275350867649861
 0.21134522556916455 3.1357796033901302 -0.014390653502219864 3.4854499957918872 -0.00098712525913265299
 0.24245858456730557 3.0784603761081599 -0.014099475388137276 2.0621524696141051 -0.0011297681050214505
 0.27275275309420915 2.9726567293626065 -0.013587512135653984 0.68593546526163962 -0.0012683785226782192
 0.30176526747529708 2.8229334670664601 -0.012876057999760803 -0.6227587818301501 -0.0014008531411514057
 0.32908178745580302 2.6343318524615613 -0.011988539225312875 -1.8457980543261812 -0.0015253126210808951
 0.35434030053532972 2.4122574471063079 -0.010949997560639895 -2.9675324192195127 -0.0016401203937821329
 0.37723420466651947 2.1623682659449837 -0.0097865762701546139 -3.9749148479082308 -0.0017438962406242367
 0.39751428190366628 1.8904651114422173 -0.0085250171472529817 -4.857571128292328 -0.0018355247807162404
 0.41498959351740999 1.6023858060936504 -0.0071921763554116409 -5.6078208060339421 -0.0019141590166465655
 0.42952734347866883 1.3039048782875062 -0.0058145661590257762 -6.2206516159810441 -0.0019792191625379999
 0.44105177187172834 1.0006400754425779 -0.0044179287644230672 -6.6936505056360183 -0.0020303870451449657
 0.44954215257579677 0.69796688459132539 -0.0030268475940785581 -7.02689490444439 -0.0020675964264764068
 0.45502998034926567 0.40094203810115947 -0.0016644003816685699 -7.2228083514146526 -0.0020910196450050363
 0.45759544119382184 0.11423677493896145 -0.00035185752015356488 -7.2859849567937687 -0.0021010510116322369
 0.45736326653727344 -0.15791958045376253 0.00089157186320768661 -7.2229874405932719 -0.0020982874261037967
 0.45449807636199568 -0.41178536543047728 0.0020489445758563249 -7.0421236627186161 -0.0020835066995687581
 0.44919931896222209 -0.64414149630010287 0.0031057381601729498 -6.753206638871962 -0.002057644079653035
 0.44169591561173666 -0.85231559025443882 0.004049956086141341 -6.3673030272554421 -0.0020217674761367731
 0.43224071716626683 -1.0341955065022084 0.0048721844169744045 -5.8964749786404163 -0.0019770518785656279
 0.42110487663978435 -1.1882326866909219 0.0055656017823527658 -5.3535200729290722 -0.0019247534424918378
 0.40857223723046154 -1.3134358244310518 0.0061259451738596756 -4.7517138261899738 -0.0018661836992297225
 0.39493382929761883 -1.4093555259576103 0.0065514346757764835 -4.1045589513259273 -0.0018026843158011822
 0.3804825625871871 -1.4760607374542276 0.00684266075623567 -3.4255452016329624 -0.0017356027979818986
 0.36550819176177163 -1.5141078084915305 0.0070024381651888085 -2.7279232285350492 -0.0016662694909253077
 0.35029262421057705 -1.5245031349390625 0.0070356308148373063 -2.0244954519560956 -0.0015959761896536498
 0.33510562939517397 -1.508660378505118 0.0069489522548587378 -1.3274264833999041 -0.0015259566266887349
 0.32020099882951986 -1.4683532939923498 0.0067507465002736976 -0.64807516702936852 -0.0014573690571691451
 0.30581319539279661 -1.4056652099990197 0.0064507540269283462 0.0031501782054625949 -0.001391281113864367
 0.29215452022033844 -1.3229362050083451 0.0060598677224316753 0.61691221350464431 -0.0013286570564140926
 0.27941281509008065 -1.2227089997138909 0.0055898834742820445 1.1850401023907278 -0.0012703474917097404
 0.26774970818605753 -1.1076745493764422 0.0050532498981652445 1.7005999258166362 -0.0012170815963540014
 0.25729940152854874 -0.98061826853717604 0.0044628214651862026 2.1579402482029266 -0.0011694618282741193
 0.2481679893483334 -0.84436775621719895 0.0038316189849772388 2.5527134955187449 -0.0011279610734415192
 0.2404332883684363 -0.70174281462531574 0.0031726010505923295 2.8818741753636914 -0.0010929221357987239
 0.23414515344047085 -0.55550847026439176 0.0024984496595806677 3.1436552993390983 -0.0010645594443629452
 0.22932624534478949 -0.408331615105334 0.001821372802544536 3.3375246564728904 -0.0010429628214246648
 0.22597321186532449 -0.26274178912801194 0.0011529263647557537 3.4641228306350182 -0.0010281031300599524
 0.22405823853310886 -0.12109652592705 0.00050385722682924801 3.5251850531888245 -0.0010198395980094703
 0.22353092171996222 0.014448417891814724 -0.00011603101444308296 3.5234491338666629 -0.0010179285984406278
 0.22432041406045133 0.14196372936517232 -0.00069798874608578698 3.462551818158742 -0.0010220336562143659
 0.22633779047348859 0.259765980207326 -0.0012344069524226862 3.3469159792593572 -0.0010317364409579981
 0.22947858231626542 0.36643181543984404 -0.0017188796689720197 3.1816310684356104 -0.0010465485053607071
 0.23362542738944342 0.46080695270761973 -0.0021462426142194397 2.972329221828593 -0.0010659235284524347
 0.23865078456737956 0.54201013902937389 -0.0025125887180170387 2.7250593569943309 -0.0010892698289344544
 0.24441966368299978 0.60943228811222361 -0.0028152616126468745 2.4461614922618171 -0.0011159629225839236
 0.25079232387653327 0.66273108960090177 -0.0030528284619972552 2.1421433899549687 -0.0011453579099951108
 0.25762689683571005 0.70182144105230471 -0.0032250337728012141 1.8195614647413638 -0.0011768014960521029
 0.26478189512138223 0.72686210353266234 -0.0033327360573134554 1.4849077151155345 -0.0012096434601309993
 0.27211856999202572 0.73823902221998572 -0.0033778293978373947 1.1445042337283837 -0.0012432474156658609
 0.27950308771621979 0.7365457841303813 -0.0033631520996631669 0.80440663543380708 -0.0012770007189349462
 0.28680849819656012 0.72256170611639181 -0.0032923847105290997 0.47031751502087182 -0.0013103234092839797
 0.29391647472537469 0.6972280578126957 -0.0031699397326955736 0.14751081402984134 -0.0013426760860599089
 0.30071880875868873 0.66162292658120259 -0.0030008453598174443 -0.15923225795029694 -0.0013735666508540077
 0.30711864864095278 0.61693522521958588 -0.0027906255373227511 -0.44567533351805722 -0.0014025558668395292
 0.3130314761553798 0.56443832884803657 -0.002545178574787893 -0.70816684032688926 -0.0014292617096544051
 0.31838581953616796 0.5054638056830163 -0.0022706564351341 -0.94366782301002239 -0.0014533625060724645
 0.32312370608972762 0.44137567813166823 -0.0019733466920222355 -1.1497678631036372 -0.0014745988773108589
 0.3272008617708026 0.37354561664928565 -0.0016595589875478788 -1.3246895129393543 -0.0014927745229585919
 0.33058666889339511 0.30332942999491852 -0.0013355176413989214 -1.4672818287666125 -0.0015077558989436523
 0.33326389658213024 0.23204517282617698 -0.0010072618643214033 -1.5770037380863275 -0.0015194708584889624
 0.33522822155297211 0.16095314593491539 -0.00068055481737973496 -1.6538981049353669 -0.0015279063384880849
 0.33648755932826896 0.091238016777637654 -0.0003608025383989473 -1.6985574636951686 -0.0015331051850515037
 0.33706122802448046 0.023993239214814999 -5.2983532343292214e-05 -1.7120824763703997 -0.0015351622210670749
 0.33697896839515684 -0.039792097575548802 0.00023841040274429244 -1.6960342300655498 -0.001534219665458922
 0.33627984486892248 -0.099243909367598526 0.00050942176442844884 -1.6523815308379923 -0.0015304620184319554
 0.33501105290256705 -0.15361121161808144 0.00075666321433198562 -1.5834443678442085 -0.0015241105294054554
 0.33322665809049412 -0.20227167874366803 0.00097734179636200201 -1.4918347186706864 -0.0015154173646537649
