# Created by Octave 6.2.0, Sat May 14 17:22:49 2022 UTC <www-data@d6bdc1b0e70d>
# name: y
# type: matrix
# rows: 501
# columns: 1
 0
 -0.030230162590563079
 -0.035669375218651558
 -0.040004167042546925
 -0.043414254699545664
 -0.045897001395066139
 -0.047463935694647082
 -0.048141313780467106
 -0.047968845007399563
 -0.046998251293790941
 -0.045291707118846641
 -0.042920193332536036
 -0.03996179741770961
 -0.036499991868799674
 -0.032621920900515411
 -0.028416723824176628
 -0.023973921184705489
 -0.019381887196752611
 -0.014726429214743585
 -0.010089491980261885
 -0.0055480012722285768
 -0.0011728584005118725
 0.0029719062106922933
 0.0068298152528544556
 0.010352460533909896
 0.013499853620471208
 0.016240614723248094
 0.018552005941175974
 0.020419817246199026
 0.021838115585921733
 0.022808869187452369
 0.023341460550629488
 0.023452102716124482
 0.023163174182862553
 0.02250248833424575
 0.021502513423094546
 0.020199559074772284
 0.01863294491427351
 0.016844166327217504
 0.014876071550620693
 0.012772063283257466
 0.010575336835307772
 0.0083281655319355496
 0.0060712426751484416
 0.00384308788251915
 0.0016795240894308047
 -0.00038677004814363647
 -0.0023266291536193223
 -0.0041146898414089958
 -0.0057295988965734498
 -0.0071541420473981918
 -0.0083752957267235265
 -0.009384205375489646
 -0.01017609487332425
 -0.010750112576004112
 -0.011109120191044909
 -0.011259431326124697
 -0.011210506998877268
 -0.010974615701763696
 -0.010566465775651949
 -0.010002817866058167
 -0.0093020851244091929
 -0.0084839285826263308
 -0.007568854783780346
 -0.0065778223067408034
 -0.0055318632918262556
 -0.004451725471329715
 -0.0033575395477379935
 -0.0022685160579324279
 -0.001202675127996447
 -0.00017661177447760024
 0.00079470134248103147
 0.0016980725480948769
 0.0025222107144400041
 0.0032578059878734036
 0.0038975725554930146
 0.0044362549120738268
 0.0048705996188538603
 0.005199295011545535
 0.005422881712847584
 0.0055436371317510169
 0.0055654373866416487
 0.0054936002714703405
 0.0053347129951872851
 0.0050964484664500764
 0.0047873738715853015
 0.0044167552080950773
 0.0039943612936378659
 0.0035302705770263662
 0.003034683839558884
 0.0025177455985156763
 0.0019893767167584939
 0.001459120390050167
 0.00093600333395681135
 0.00042841363189028564
 -5.6003658340325613e-05
 -0.00051043240382290384
 -0.00092895241935476297
 -0.0013065875708959673
 -0.0016393352374580727
 -0.0019241777068001592
 -0.002159076351109783
 -0.0023429496698629815
 -0.0024756364959427832
 -0.0025578458361819184
 -0.0025910949577803016
 -0.0025776374371697941
 -0.0025203829581110504
 -0.002422810681933299
 -0.0022888780162192493
 -0.0021229265807163264
 -0.0019295871130620493
 -0.001713684974636448
 -0.0014801478113815464
 -0.0012339167988624916
 -0.00097986275845348553
 -0.00072270827567658819
 -0.00046695678579551647
 -0.00021682941914159815
 2.3789777389031375e-05
 0.00025139980252042449
 0.00046291957988617294
 0.0006557156559258287
 0.00082762077797335354
 0.00097694356397262649
 0.0011024696129397979
 0.0012034545291971718
 0.0012796094422323212
 0.0013310796968291697
 0.0013584174642309044
 0.0013625490842102336
 0.0013447379900188294
 0.0013065440935378925
 0.0012497805170884474
 0.0011764685520632423
 0.0010887917038030354
 0.00098904964813757712
 0.00087961287907956098
 0.00076287877075634225
 0.00064122971133882822
 0.0005169938940914609
 0.00039240927236335044
 0.00026959110301028738
 0.00015050341799728584
 3.6934678345319771e-05
 -6.9522220359143072e-05
 -0.00016748550458344641
 -0.00025579563488872109
 -0.00033352204182127143
 -0.00039996562375881756
 -0.0004546572081616726
 -0.0004973522339986533
 -0.0005280219618660556
 -0.000546841559111437
 -0.00055417543988132284
 -0.00055056026435717359
 -0.0005366860175907498
 -0.00051337559649835413
 -0.00048156333404561491
 -0.00044227288288352373
 -0.0003965948672128225
 -0.00034566469206841199
 -0.00029064087421084434
 -0.00023268422911700004
 -0.00017293821494770295
 -0.00011251069762661936
 -5.2457362088489945e-05
 6.2330458606082995e-06
 6.2651504013931658e-05
 0.00011597942292203289
 0.00016549721883844792
 0.00021059072898167025
 0.00025075548516578089
 0.00028559889695033147
 0.00031484042768223364
 0.00033830987577025684
 0.00035594389894826051
 0.00036778094092057567
 0.00037395473749732983
 0.00037468659304493862
 0.00037027662779693521
 0.00036109420235917733
 0.00034756772772884248
 0.00033017406751482958
 0.00030942773403230817
 0.00028587007182560853
 0.00026005861126612156
 0.00023255676151880816
 0.00020392399673758305
 0.00017470667221570341
 0.00014542958876685025
 0.00011658840423414002
 8.8642971094385348e-05
 6.2011659012657649e-05
 3.7066701255007717e-05
 1.4130584411534142e-05
 -6.5265177829898491e-06
 -2.4688283349762197e-05
 -4.0192786818910031e-05
 -5.2932097782704135e-05
 -6.2850994357273315e-05
 -6.9944864037080334e-05
 -7.4256873929375022e-05
 -7.5874499935298101e-05
 -7.4925510079815183e-05
 -7.1573500905489085e-05
 -6.6013087679082927e-05
 -5.8464849195284663e-05
 -4.91701262994651e-05
 -3.8385770017412835e-05
 -2.6378930519169175e-05
 -1.3421972216723366e-05
 2.1240672656852588e-07
 1.4255780131713913e-05
 2.8448263103997284e-05
 4.2542392417931063e-05
 5.6306575064377085e-05
 6.9528071765523336e-05
 8.2015491992291911e-05
 9.3600786582187512e-05
 0.00010414073330498874
 0.00011351791951853818
 0.00012164123427768625
 0.00012844588979987054
 0.00013389299896337387
 0.0001379687414486061
 0.0001406831561784963
 0.00014206860183618025
 0.00014217793042048399
 0.00014108242104374225
 0.00013886952249702461
 0.00013564045353672144
 0.0001315077094271519
 0.00012659252206238814
 0.00012102231905284505
 0.00011492822457209034
 0.0001084426415985662
 0.00010169695154140651
 9.4819363196954609e-05
 8.7932938636778313e-05
 8.1153819065558908e-05
 7.4589669001139114e-05
 6.8338352402344538e-05
 6.2486849686502199e-05
 5.7110420013078977e-05
 5.2272008833537109e-05
 4.8021896582109425e-05
 4.439758056354326e-05
 4.1423878627835919e-05
 3.9113240147492512e-05
 3.7466247157891264e-05
 3.647228630776489e-05
 3.611037050575e-05
 3.6350087843847745e-05
 3.7152654526230455e-05
 3.8472048118978752e-05
 4.025619744651987e-05
 4.2448205867143263e-05
 4.4987585435939115e-05
 4.7811480571806342e-05
 5.0855861250545531e-05
 5.4056667406023051e-05
 5.7350888094630237e-05
 6.0677561019684134e-05
 6.397868017991859e-05
 6.7200001654069141e-05
 7.0291739820496635e-05
 7.3209148596341256e-05
 7.5912984525389193e-05
 7.8369850713279343e-05
 8.0552422670403245e-05
 8.2439559047797761e-05
 8.4016302016272359e-05
 8.527377362192029e-05
 8.6208975837109847e-05
 8.6824503202242997e-05
 8.7128177912808302e-05
 8.7132617944692126e-05
 8.6854749327971992e-05
 8.6315273981105167e-05
 8.5538104608859356e-05
 8.4549778060744041e-05
 8.3378858254032351e-05
 8.2055339303319097e-05
 8.0610058883559543e-05
 7.9074131105472123e-05
 7.7478407321036891e-05
 7.5852972323230128e-05
 7.4226682380489073e-05
 7.2626750472315482e-05
 7.1078382990509559e-05
 6.9604471059976636e-05
 6.8225338532991453e-05
 6.6958547639967003e-05
 6.581876225300598e-05
 6.4817667752729846e-05
 6.3963945594193439e-05
 6.3263299857632682e-05
 6.2718532350861111e-05
 6.2329662211271786e-05
 6.2094085439307056e-05
 6.2006769386252492e-05
 6.2060476917362439e-05
 6.2246014775155234e-05
 6.2552500575394077e-05
 6.2967642874910135e-05
 6.3478028849539569e-05
 6.4069414306686112e-05
 6.4727011020511427e-05
 6.5435766710968124e-05
 6.6180633379882281e-05
 6.6946820160312948e-05
 6.7720027315525122e-05
 6.8486658535184264e-05
 6.9234009204791058e-05
 6.9950428861965952e-05
 7.0625456590221736e-05
 7.1249928627566128e-05
 7.1816057976292758e-05
 7.2317486283349219e-05
 7.274930871169899e-05
 7.3108072935978985e-05
 7.3391753765694734e-05
 7.3599705223123535e-05
 7.3732592176752043e-05
 7.3792303854937347e-05
 7.3781851735080228e-05
 7.3705254423510336e-05
 7.3567412209402105e-05
 7.3373973996121444e-05
 7.3131199285779436e-05
 7.284581782249222e-05
