# Created by Octave 6.2.0, Tue May 24 19:07:59 2022 CEST <www-data@1556a2353a7a>
# name: y
# type: matrix
# rows: 501
# columns: 1
 0
 -0.00090690487771689237
 -0.0010700812565595467
 -0.0012001250112764076
 -0.0013024276409863698
 -0.0013769100418519842
 -0.0014239180708394124
 -0.001444239413414013
 -0.0014390653502219868
 -0.0014099475388137282
 -0.0013587512135653989
 -0.0012876057999760809
 -0.0011988539225312881
 -0.00109499975606399
 -0.00097865762701546187
 -0.00085250171472529878
 -0.0007192176355411648
 -0.00058145661590257823
 -0.00044179287644230782
 -0.00030268475940785702
 -0.0001664400381668576
 -3.5185752015356965e-05
 8.9157186320768032e-05
 0.00020489445758563232
 0.00031057381601729559
 0.00040499560861413436
 0.00048721844169744098
 0.00055656017823527788
 0.0006125945173859693
 0.00065514346757765017
 0.00068426607562356925
 0.00070024381651888215
 0.00070356308148373245
 0.00069489522548587482
 0.00067507465002737081
 0.0006450754026928354
 0.00060598677224316805
 0.00055898834742820497
 0.00050532498981652532
 0.00044628214651862112
 0.00038316189849772406
 0.00031726010505923321
 0.00024984496595806651
 0.00018213728025445351
 0.00011529263647557441
 5.0385722682924476e-05
 -1.1603101444309012e-05
 -6.9798874608579609e-05
 -0.00012344069524226962
 -0.00017188796689720338
 -0.00021462426142194546
 -0.00025125887180170523
 -0.00028152616126468871
 -0.00030528284619972697
 -0.00032250337728012297
 -0.00033327360573134706
 -0.00033778293978374097
 -0.00033631520996631778
 -0.00032923847105291101
 -0.00031699397326955838
 -0.00030008453598174493
 -0.00027906255373227526
 -0.00025451785747878947
 -0.00022706564351341013
 -0.00019733466920222366
 -0.0001659558987547879
 -0.00013355176413989208
 -0.00010072618643214065
 -6.8055481737973539e-05
 -3.6080253839894274e-05
 -5.2983532343294166e-06
 2.3841040274429873e-05
 5.094217644284547e-05
 7.5666321433199017e-05
 9.7734179636201133e-05
 0.00011692717666478974
 0.00013308764736221466
 0.00014611798856561508
 0.00015597885034636556
 0.00016268645138542729
 0.00016630911395253047
 0.00016696312159924934
 0.00016480800814411061
 0.0001600413898556188
 0.00015289345399350281
 0.00014362121614755951
 0.00013250265624285308
 0.00011983083880913632
 0.00010590811731079166
 9.1040515186766751e-05
 7.5532367955470571e-05
 5.9681301502755176e-05
 4.3773611701505301e-05
 2.8080100018705221e-05
 1.2852408956709146e-05
 -1.6801097502090268e-06
 -1.5312972114686131e-05
 -2.7868572580641874e-05
 -3.9197627126877918e-05
 -4.9180057123740756e-05
 -5.7725331204003358e-05
 -6.4772290533292244e-05
 -7.0288490095888191e-05
 -7.4269094878282494e-05
 -7.6735375085456594e-05
 -7.7732848733408268e-05
 -7.7329123115093428e-05
 -7.5611488743331456e-05
 -7.2684320457999272e-05
 -6.8666340486577947e-05
 -6.368779742149059e-05
 -5.7887613391862216e-05
 -5.1410549239094307e-05
 -4.4404434341447415e-05
 -3.7017503965875516e-05
 -2.939588275360555e-05
 -2.1681248270298808e-05
 -1.4008703573866626e-05
 -6.5048825742486599e-06
 7.1369332166999148e-07
 7.5419940756118803e-06
 1.3887587396584577e-05
 1.967146967777418e-05
 2.4828623339199986e-05
 2.930830691917814e-05
 3.3074088388193481e-05
 3.6103635875914535e-05
 3.8388283266969111e-05
 3.9932390904874669e-05
 4.0752523926926927e-05
 4.087647252630684e-05
 4.0342139700564879e-05
 3.9196322806136987e-05
 3.7493415512653678e-05
 3.5294056561897586e-05
 3.2663751114091655e-05
 2.9671489444127908e-05
 2.6388386372387554e-05
 2.2886363122691052e-05
 1.923689134016558e-05
 1.5509816822744239e-05
 1.1772278170901307e-05
 8.0877330903092069e-06
 4.51510253991923e-06
 1.1080403503595454e-06
 -2.085666610774045e-06
 -5.0245651375032665e-06
 -7.6738690466614896e-06
 -1.0005661254638173e-05
 -1.199896871276467e-05
 -1.363971624485105e-05
 -1.4920567019960254e-05
 -1.5840658855982071e-05
 -1.6405246773344207e-05
 -1.6625263196441242e-05
 -1.6516807930716851e-05
 -1.6100580527723886e-05
 -1.5401267894952163e-05
 -1.444690002136938e-05
 -1.3268186486506991e-05
 -1.1897846016385824e-05
 -1.0369940762052659e-05
 -8.7192262263258895e-06
 -6.9805268735103872e-06
 -5.1881464484315526e-06
 -3.3753209287985244e-06
 -1.5737208626547721e-06
 1.8699137581802781e-07
 1.8795451204180842e-06
 3.479382687661208e-06
 4.9649165651534074e-06
 6.3177218694502159e-06
 7.5226645549734831e-06
 8.5679669085100872e-06
 9.4452128304671869e-06
 1.0149296273107814e-05
 1.0678316968448201e-05
 1.1033428227617673e-05
 1.1218642124920307e-05
 1.1240597791348467e-05
 1.110829883390859e-05
 1.083282607077581e-05
 1.0427031831865513e-05
 9.9052220254449526e-06
 9.2828320209693707e-06
 8.5761021547679827e-06
 7.8017583379832176e-06
 6.9767028455636594e-06
 6.1177199021270967e-06
 5.2412001664705428e-06
 4.3628876630052169e-06
 3.4976521270235891e-06
 2.659289132830975e-06
 1.8603497703796644e-06
 1.1120010376498369e-06
 4.2391753234517857e-07
 -1.9579553349024625e-07
 -7.4064850049359015e-07
 -1.205783604567843e-06
 -1.5879629334812672e-06
 -1.8855298307187676e-06
 -2.0983459211124664e-06
 -2.2277062178816366e-06
 -2.2762349980591555e-06
 -2.2477653023950583e-06
 -2.1472050271649284e-06
 -1.9803926303725008e-06
 -1.7539454758589085e-06
 -1.4751037889845905e-06
 -1.1515731005226756e-06
 -7.9136791557483672e-07
 -4.0265916650147979e-07
 6.3722017971468495e-09
 4.2767340395174266e-07
 8.5344789312036522e-07
 1.276271772538101e-06
 1.689197251931074e-06
 2.0858421529650712e-06
 2.4604647597680244e-06
 2.808023597464346e-06
 3.124221999148088e-06
 3.4055375855549007e-06
 3.6492370283288137e-06
 3.8533766939945245e-06
 4.0167899688995637e-06
 4.1390622434563833e-06
 4.2204946853534276e-06
 4.2620580550839548e-06
 4.2653379126134051e-06
 4.2324726313109967e-06
 4.1660856749100922e-06
 4.0692136061010057e-06
 3.9452312828139628e-06
 3.7977756618712581e-06
 3.6306695715850436e-06
 3.4478467371624371e-06
 3.2532792479570511e-06
 3.0509085462417053e-06
 2.8445808959084171e-06
 2.6379881591032583e-06
 2.4346145719667195e-06
 2.2376900700335446e-06
 2.0501505720698634e-06
 1.8746054905946366e-06
 1.7133126003920527e-06
 1.5681602650059875e-06
 1.4406568974630876e-06
 1.3319274169059985e-06
 1.242716358834813e-06
 1.1733972044245542e-06
 1.1239874147366815e-06
 1.0941685892326214e-06
 1.0833111151723916e-06
 1.090502635315454e-06
 1.1145796357869353e-06
 1.1541614435695144e-06
 1.2076859233956959e-06
 1.273446176014415e-06
 1.3496275630780997e-06
 1.4343444171535701e-06
 1.5256758375154509e-06
 1.6217000221801321e-06
 1.720526642838365e-06
 1.8203268305896437e-06
 1.9193604053972238e-06
 2.0160000496217403e-06
 2.1087521946146605e-06
 2.1962744578899992e-06
 2.2773895357611424e-06
 2.3510955213980203e-06
 2.4165726801116507e-06
 2.473186771433729e-06
 2.5204890604881751e-06
 2.5582132086580294e-06
 2.5862692751137681e-06
 2.6047350960676932e-06
 2.6138453373844529e-06
 2.613978538341011e-06
 2.6056424798393289e-06
 2.5894582194330986e-06
 2.5661431382657416e-06
 2.5364933418221781e-06
 2.5013657476206886e-06
 2.4616601790994732e-06
 2.4183017665067646e-06
 2.3722239331642721e-06
 2.324352219630686e-06
 2.2755891696961449e-06
 2.2268004714137918e-06
 2.1788025141685407e-06
 2.1323514897141375e-06
 2.0881341317979243e-06
 2.0467601559887331e-06
 2.0087564291975573e-06
 1.9745628675886572e-06
 1.9445300325798181e-06
 1.9189183678237952e-06
 1.8978989957265475e-06
 1.8815559705236519e-06
 1.8698898663361543e-06
 1.8628225631767961e-06
 1.8602030815850898e-06
 1.861814307518579e-06
 1.8673804432521113e-06
 1.8765750172596582e-06
 1.8890292862451226e-06
 1.9043408654844394e-06
 1.9220824291988963e-06
 1.9418103306142282e-06
 1.963073001327322e-06
 1.9854190013952411e-06
 2.0084046048084907e-06
 2.0316008194650294e-06
 2.0545997560550725e-06
 2.0770202761437881e-06
 2.0985128658591217e-06
 2.1187636977069166e-06
 2.137497858827552e-06
 2.1544817392897151e-06
 2.169524588501435e-06
 2.1824792613521623e-06
 2.193242188080406e-06
 2.2017526129719045e-06
 2.2079911566947512e-06
 2.2119777653035197e-06
 2.2137691156487059e-06
