# Created by Octave 6.2.0, Sat May 07 10:58:56 2022 UTC <www-data@20e9680fb889>
# name: y
# type: matrix
# rows: 501
# columns: 1
 0
 -1.3633803328343947
 -1.6086888223611853
 -1.8041879336188662
 -1.9579828869495093
 -2.0699547629174826
 -2.1406234998285831
 -2.171173251499066
 -2.1633949098337202
 -2.119621133349971
 -2.0426559910599829
 -1.9357007192973745
 -1.8022770635387033
 -1.6461496332828651
 -1.4712486326132446
 -1.2815942444703656
 -1.081223845430217
 -0.87412311257354225
 -0.66416195758493446
 -0.45503608830980935
 -0.25021485737750759
 -0.052895913863084898
 0.13403297010222315
 0.30802466790373484
 0.46689597007933581
 0.60884339828324996
 0.73245172401848779
 0.83669546794703531
 0.920933757803575
 0.98489901292506832
 1.0286800003541001
 1.0526998708333888
 1.057689832497213
 1.044659155647101
 1.0148622238744827
 0.96976335538156433
 0.91100011427223104
 0.84034581563373689
 0.75967190135751106
 0.67091082693299398
 0.57602005407491297
 0.47694769127238046
 0.37560026549029346
 0.27381304464919487
 0.17332326350161309
 0.075746536433329181
 -0.017443329171278998
 -0.1049309748282321
 -0.18557251184754642
 -0.2584049102354633
 -0.32265180633765944
 -0.37772583727523179
 -0.42322766243458376
 -0.45894187878692405
 -0.48483007717778526
 -0.50102132061612537
 -0.507800352808224
 -0.50559386564936493
 -0.49495516814954321
 -0.47654760648190264
 -0.45112708575922322
 -0.41952403911085467
 -0.38262517907644733
 -0.34135535074849332
 -0.29665978603400955
 -0.24948703446136444
 -0.20077281875697106
 -0.15142503360298432
 -0.10231007421275273
 -0.054240648272640302
 -0.0079651910289408878
 0.035841030545893604
 0.076583071919078316
 0.11375170322124295
 0.14692705005308926
 0.17578052225273422
 0.20007509653452815
 0.21966404281030738
 0.23448820502070178
 0.24457196524942426
 0.25001803464196981
 0.25100122613753784
 0.24776137224331252
 0.24059555608294736
 0.22984982583689884
 0.21591056160849775
 0.19919565988508947
 0.1801456943430686
 0.15921520302389003
 0.13686424116410678
 0.11355032649305907
 0.089720889925810843
 0.065806329591265422
 0.042213750361455693
 0.019321454798254978
 -0.0025257649911456515
 -0.023020501412410299
 -0.041895754112896588
 -0.058927099447404929
 -0.07393401920935605
 -0.086780414576684395
 -0.097374343435048027
 -0.10566703011081802
 -0.11165120596701672
 -0.11535884721180234
 -0.11685838259588954
 -0.11625144841635637
 -0.11366927141080763
 -0.10926876175519173
 -0.10322839853148813
 -0.095743988790307766
 -0.087024378799099855
 -0.077287192356105594
 -0.066754666293309617
 -0.055649647628700061
 -0.044191810406253973
 -0.032594143233015904
 -0.021059751039379071
 -0.0097790068032874711
 0.0010729189602438627
 0.011338131093669768
 0.020877673052864809
 0.029572776082252838
 0.037325697086596721
 0.044060154735164003
 0.049721379543583799
 0.054275799266791269
 0.05771038584467747
 0.060031694326994733
 0.061264627636814284
 0.0614509636978815
 0.060647683349849713
 0.058925138618559858
 0.056365101320689837
 0.053058731698053085
 0.049104505841518487
 0.044606139131005973
 0.039670540846489688
 0.034405832561112737
 0.028919459981382234
 0.023316424623526233
 0.017697658183588816
 0.012158558745765324
 0.0067877041516786196
 0.0016657539933742083
 -0.0031354521381963263
 -0.0075535962567128134
 -0.01153638313348071
 -0.015041844086138623
 -0.018038449631521791
 -0.020505040088091286
 -0.022430585753338894
 -0.023813790480158525
 -0.024662554315925567
 -0.024993312338647877
 -0.024830267922508531
 -0.024204539393343216
 -0.02315323940207592
 -0.02171850636545769
 -0.019946507018048232
 -0.017886428511299401
 -0.015589477612285796
 -0.01310790342691015
 -0.010494058733177214
 -0.0077995134941428734
 -0.0050742324629611257
 -0.002365827030191836
 0.0002811103683122429
 0.0028255828310272957
 0.0052306719737831298
 0.0074639245696135337
 0.0094976418770735815
 0.011309072380976781
 0.012880510252460509
 0.0141993032884693
 0.015257775397239159
 0.016053069842567824
 0.016586920435519348
 0.016865358661132257
 0.016898365346329269
 0.016699475913644291
 0.016285348526402066
 0.015675304520573752
 0.014890850444921666
 0.013955190804859852
 0.012892740239337952
 0.011728643368104974
 0.010488309944500562
 0.0091969722528679743
 0.0078792709169308583
 0.00655887445338732
 0.0052581370309614517
 0.0039977979963581323
 0.0027967258214716129
 0.0016717082266011207
 0.00063728935696016897
 -0.00029434595201283109
 -0.0011134415790745589
 -0.001812694685533911
 -0.0023872376100009252
 -0.0028345798455140514
 -0.003154513368073486
 -0.0033489850142165434
 -0.0034219399470838407
 -0.0033791405046013079
 -0.0032279648908393188
 -0.002977190254327633
 -0.0026367646987084381
 -0.0022175726961071174
 -0.0017311982277858906
 -0.0011896897664149808
 -0.00060533094697468037
 9.5795433681100661e-06
 0.00064293568394035994
 0.0012830166659900666
 0.0019186618980484571
 0.0025394265354024004
 0.0031357160366247694
 0.0036988986888510933
 0.0042213954748551163
 0.0046967470720538085
 0.0051196581702852573
 0.0054860196659223259
 0.0057929096299738081
 0.0060385742532480524
 0.0062223902393314656
 0.0063448103436500869
 0.0064072939428114761
 0.0064122246619640055
 0.0063628171890732776
 0.0062630154646170499
 0.0061173844545077127
 0.0059309976951655852
 0.0057093227450144557
 0.0054581065892842506
 0.005183262928201815
 0.0048907631360972648
 0.0045865325145182378
 0.004276353280183498
 0.0039657755325197552
 0.0036600372398580827
 0.0033639940719523143
 0.0030820596933460731
 0.0028181569208618473
 0.0025756799425902255
 0.0023574675983930593
 0.00216578753585428
 0.0020023308834160591
 0.0018682169261150516
 0.0017640071306519456
 0.001689727746820191
 0.0016449001124800855
 0.0016285777098088428
 0.0016393889617576374
 0.0016755847191334272
 0.0017350893701666426
 0.0018155545048383903
 0.0019144140846087954
 0.0020289401031610144
 0.0021562977737892286
 0.0022935993423993661
 0.0024379557000113738
 0.0025865250530674455
 0.0027365580019871327
 0.0028854384761138885
 0.0030307200745987029
 0.0031701574659044329
 0.0033017326016950843
 0.0034236756020946668
 0.0035344802671686271
 0.0036329142624345057
 0.0037180241130549962
 0.0037891352209336038
 0.0038458471903488611
 0.003888024810254409
 0.0039157850944213646
 0.0039294808238679035
 0.0039296810693059125
 0.0039171491946923265
 0.0038928188565485744
 0.0038577685178602383
 0.0038131949905400031
 0.0037603865072577403
 0.0037006958025800341
 0.0036355136556489587
 0.0035662433128578197
 0.0034942761701792779
 0.0034209690517774671
 0.0033476233753602092
 0.0032754664463012784
 0.0032056350728717486
 0.0031391616448039894
 0.0030769627678373102
 0.00301983049856136
 0.0029684261776095067
 0.002923276815646636
 0.0028847739462969368
 0.0028531748235776089
 0.0028286058090223332
 0.0028110677657269267
 0.0028004432533113022
 0.0027965052993186301
 0.0027989275089719268
 0.0028072952663580342
 0.0028211177759482897
 0.0028398406936569476
 0.0028628591011130577
 0.0028895305852303377
 0.0029191881970243028
 0.0029511530786632267
 0.002984746565431573
 0.0030193015892290287
 0.0030541732319291359
 0.0030887482999364391
 0.0031224538151362058
 0.0031547643416753868
 0.0031852080922194492
 0.0032133717811035911
 0.0032389042147313862
 0.0032615186313795785
 0.0032809938228985924
 0.003297174089413657
 0.0033099680948340815
 0.0033193467055634418
 0.003325339907172209
 0.0033280329038578582
 0.0033275615132530856
 0.0033241069745011398
 0.0033178902906449981
 0.0033091662272262123
 0.0032982170877893235
 0.0032853463837951846
 0.0032708725114780623
 0.003255122541593769
 0.0032384262200346736
 0.0032211102680876902
 0.0032034930610029821
 0.0031858797526307381
 0.0031685579025040322
 0.0031517936500604637
 0.0031358284689029237
 0.0031208765223798007
 0.0031071226304189015
 0.0030947208466847176
 0.0030837936349474848
 0.0030744316240711722
 0.0030666939125258974
 0.0030606088857163538
 0.0030561755029261395
 0.0030533650052573247
 0.0030521229916515846
 0.0030523718069310757
