# Created by Octave 6.2.0, Mon May 23 20:35:38 2022 CEST <www-data@0d3c65567216>
# name: y
# type: matrix
# rows: 501
# columns: 1
 0
 -0.0090690487771689244
 -0.010700812565595469
 -0.012001250112764077
 -0.013024276409863698
 -0.013769100418519841
 -0.014239180708394125
 -0.014442394134140127
 -0.014390653502219864
 -0.014099475388137276
 -0.013587512135653984
 -0.012876057999760803
 -0.011988539225312875
 -0.010949997560639895
 -0.0097865762701546139
 -0.0085250171472529817
 -0.0071921763554116409
 -0.0058145661590257762
 -0.0044179287644230672
 -0.0030268475940785581
 -0.0016644003816685699
 -0.00035185752015356488
 0.00089157186320768661
 0.0020489445758563249
 0.0031057381601729498
 0.004049956086141341
 0.0048721844169744045
 0.0055656017823527658
 0.0061259451738596756
 0.0065514346757764835
 0.00684266075623567
 0.0070024381651888085
 0.0070356308148373063
 0.0069489522548587378
 0.0067507465002736976
 0.0064507540269283462
 0.0060598677224316753
 0.0055898834742820445
 0.0050532498981652445
 0.0044628214651862026
 0.0038316189849772388
 0.0031726010505923295
 0.0024984496595806677
 0.001821372802544536
 0.0011529263647557537
 0.00050385722682924801
 -0.00011603101444308296
 -0.00069798874608578698
 -0.0012344069524226862
 -0.0017188796689720197
 -0.0021462426142194397
 -0.0025125887180170387
 -0.0028152616126468745
 -0.0030528284619972552
 -0.0032250337728012141
 -0.0033327360573134554
 -0.0033778293978373947
 -0.0033631520996631669
 -0.0032923847105290997
 -0.0031699397326955736
 -0.0030008453598174443
 -0.0027906255373227511
 -0.002545178574787893
 -0.0022706564351341
 -0.0019733466920222355
 -0.0016595589875478788
 -0.0013355176413989214
 -0.0010072618643214033
 -0.00068055481737973496
 -0.0003608025383989473
 -5.2983532343292214e-05
 0.00023841040274429244
 0.00050942176442844884
 0.00075666321433198562
 0.00097734179636200201
 0.001169271766647887
 0.0013308764736221276
 0.0014611798856561335
 0.0015597885034636383
 0.0016268645138542547
 0.0016630911395252856
 0.0016696312159924752
 0.0016480800814410862
 0.0016004138985561689
 0.0015289345399350056
 0.0014362121614755717
 0.0013250265624285031
 0.0011983083880913389
 0.0010590811731078925
 0.00091040515186764474
 0.00075532367955468901
 0.0005968130150275381
 0.00043773611701503762
 0.00028080100018703855
 0.0001285240895670791
 -1.6801097502102194e-05
 -0.00015312972114687323
 -0.00027868572580642612
 -0.00039197627126878742
 -0.00049180057123741905
 -0.00057725331204004464
 -0.00064772290533293003
 -0.0007028849009588882
 -0.00074269094878283079
 -0.00076735375085456962
 -0.00077732848733408529
 -0.00077329123115093407
 -0.00075611488743331477
 -0.00072684320457998969
 -0.0006866634048657734
 -0.00063687797421489896
 -0.00057887613391861652
 -0.00051410549239093786
 -0.00044404434341447328
 -0.00037017503965875581
 -0.00029395882753605572
 -0.00021681248270298895
 -0.00014008703573866951
 -6.5048825742495056e-05
 7.1369332166892896e-06
 7.5419940756110346e-05
 0.00013887587396583384
 0.00019671469677772641
 0.00024828623339199184
 0.00029308306919176991
 0.00033074088388192549
 0.00036103635875913385
 0.00038388283266968352
 0.00039932390904873563
 0.00040752523926925605
 0.00040876472526305344
 0.00040342139700563252
 0.0003919632280613497
 0.00037493415512651271
 0.00035294056561894875
 0.00032663751114088771
 0.00029671489444125024
 0.0002638838637238454
 0.00022886363122687908
 0.00019236891340162349
 0.00015509816822741052
 0.00011772278170897946
 8.0877330903061928e-05
 4.5151025399163894e-05
 1.1080403503569217e-05
 -2.0856666107764085e-05
 -5.0245651375055433e-05
 -7.6738690466635062e-05
 -0.00010005661254639843
 -0.00011998968712766123
 -0.00013639716244851288
 -0.00014920567019960362
 -0.00015840658855982397
 -0.00016405246773343839
 -0.00016625263196440483
 -0.00016516807930715832
 -0.00016100580527722737
 -0.00015401267894951144
 -0.00014446900021368447
 -0.00013268186486506059
 -0.00011897846016384848
 -0.0001036994076205229
 -8.7192262263254341e-05
 -6.9805268735099318e-05
 -5.1881464484312273e-05
 -3.3753209287981992e-05
 -1.5737208626544902e-05
 1.8699137581817959e-06
 1.8795451204180191e-05
 3.4793826876610562e-05
 4.9649165651532989e-05
 6.3177218694501075e-05
 7.5226645549734614e-05
 8.5679669085098054e-05
 9.4452128304665581e-05
 0.00010149296273107358
 0.00010678316968447399
 0.00011033428227617131
 0.00011218642124919548
 0.00011240597791347187
 0.00011108298833906877
 0.0001083282607077414
 0.00010427031831863887
 9.9052220254434997e-05
 9.2828320209676143e-05
 8.576102154766313e-05
 7.8017583379814612e-05
 6.9767028455616428e-05
 6.1177199021253403e-05
 5.241200166468743e-05
 4.362887663003287e-05
 3.4976521270217026e-05
 2.6592891328289583e-05
 1.8603497703778213e-05
 1.1120010376484274e-05
 4.2391753234411605e-06
 -1.9579553349104856e-06
 -7.4064850049421899e-06
 -1.2057836045686887e-05
 -1.5879629334820261e-05
 -1.8855298307194832e-05
 -2.0983459211129651e-05
 -2.2277062178822221e-05
 -2.276234998059741e-05
 -2.2477653023954269e-05
 -2.147205027165297e-05
 -1.9803926303728694e-05
 -1.7539454758587134e-05
 -1.4751037889846122e-05
 -1.1515731005228708e-05
 -7.9136791557507524e-06
 -4.0265916650180505e-06
 6.3722017969516931e-08
 4.276734039514174e-06
 8.5344789311943281e-06
 1.2762717725373421e-05
 1.6891972519304452e-05
 2.0858421529644858e-05
 2.4604647597672655e-05
 2.8080235974635437e-05
 3.1242219991475459e-05
 3.4055375855539249e-05
 3.6492370283278813e-05
 3.8533766939932018e-05
 4.0167899688988914e-05
 4.1390622434557545e-05
 4.2204946853530156e-05
 4.2620580550836729e-05
 4.2653379126129931e-05
 4.2324726313111918e-05
 4.1660856749101138e-05
 4.069213606100984e-05
 3.9452312828138977e-05
 3.7977756618708461e-05
 3.6306695715851087e-05
 3.4478467371626756e-05
 3.2532792479575065e-05
 3.0509085462425076e-05
 2.8445808959089158e-05
 2.6379881591038004e-05
 2.4346145719670448e-05
 2.2376900700341734e-05
 2.050150572070232e-05
 1.8746054905947884e-05
 1.7133126003925081e-05
 1.5681602650065296e-05
 1.4406568974636297e-05
 1.3319274169063672e-05
 1.2427163588353551e-05
 1.173397204424706e-05
 1.1239874147365297e-05
 1.0941685892329467e-05
 1.0833111151726735e-05
 1.0905026353156058e-05
 1.1145796357867402e-05
 1.154161443569536e-05
 1.2076859233958043e-05
 1.2734461760140897e-05
 1.3496275630778612e-05
 1.4343444171536351e-05
 1.5256758375159496e-05
 1.6217000221802405e-05
 1.7205266428385602e-05
 1.8203268305897954e-05
 1.9193604053972455e-05
 2.0160000496215885e-05
 2.1087521946142052e-05
 2.1962744578893703e-05
 2.2773895357607737e-05
 2.3510955213973048e-05
 2.4165726801110218e-05
 2.4731867714327532e-05
 2.5204890604866789e-05
 2.5582132086563597e-05
 2.5862692751120117e-05
 2.6047350960655899e-05
 2.6138453373828266e-05
 2.6139785383391678e-05
 2.6056424798377026e-05
 2.5894582194315591e-05
 2.5661431382641153e-05
 2.5364933418207253e-05
 2.5013657476195827e-05
 2.4616601790981504e-05
 2.4183017665053985e-05
 2.3722239331629494e-05
 2.3243522196295802e-05
 2.2755891696953426e-05
 2.2268004714130762e-05
 2.1788025141678685e-05
 2.132351489713552e-05
 2.0881341317970786e-05
 2.0467601559878007e-05
 2.0087564291972754e-05
 1.9745628675885488e-05
 1.9445300325798831e-05
 1.9189183678240337e-05
 1.8978989957266559e-05
 1.8815559705235435e-05
 1.869889866336176e-05
 1.8628225631771647e-05
 1.8602030815856319e-05
 1.8618143075188609e-05
 1.8673804432524366e-05
 1.8765750172594631e-05
 1.8890292862453611e-05
 1.9043408654845911e-05
 1.922082429198918e-05
 1.9418103306139897e-05
 1.9630730013269967e-05
 1.9854190013945255e-05
 2.0084046048075149e-05
 2.0316008194640536e-05
 2.0545997560539667e-05
 2.0770202761423787e-05
 2.0985128658577989e-05
 2.1187636977058541e-05
 2.1374978588260124e-05
 2.1544817392882623e-05
 2.1695245885000256e-05
 2.1824792613502758e-05
 2.1932421880784328e-05
 2.2017526129704951e-05
 2.207991156693255e-05
 2.2119777653021103e-05
 2.2137691156476e-05
 2.2134555520521987e-05
 2.211157632704859e-05
 2.2070223662816468e-05
