# Created by Octave 6.2.0, Mon May 23 21:35:32 2022 UTC <www-data@814fce59601b>
# name: y
# type: matrix
# rows: 501
# columns: 1
 0
 -0.010278255280791447
 -0.012127587574341531
 -0.013601416794465953
 -0.014760846597845524
 -0.015604980474322487
 -0.016137738136180003
 -0.016368046685358816
 -0.016309407302515847
 -0.015979405439888919
 -0.015399180420407856
 -0.01459286573306225
 -0.013587011122021266
 -0.012409997235391886
 -0.011091453106175235
 -0.0096616861002200485
 -0.0081511332027998668
 -0.0065898416468958849
 -0.0050069859330128131
 -0.0034304272732890301
 -0.001886320432557707
 -0.0003987718561740336
 0.0010104481116353873
 0.00232213718597051
 0.0035198365815293647
 0.0045899502309602047
 0.0055218090059043455
 0.0063076820199998301
 0.0069427378637076619
 0.0074249592992133816
 0.0077550155237337964
 0.0079360965872140136
 0.0079737149234823078
 0.0078754792221732602
 0.0076508460336435422
 0.0073108545638521372
 0.0068678500854225701
 0.006335201270852988
 0.0057270165512539467
 0.0050578643272110313
 0.0043425015163075335
 0.003595614524004637
 0.0028315762808580822
 0.0020642225095504636
 0.0013066498800565051
 0.00057103819040646951
 -0.000131501816368838
 -0.00079105391223057049
 -0.0013989945460790576
 -0.0019480636248349701
 -0.002432408296115381
 -0.0028476005470859916
 -0.0031906298276664705
 -0.0034598722569302368
 -0.003655038275841389
 -0.0037771008649552622
 -0.0038282066508823903
 -0.0038115723796182648
 -0.0037313693385996483
 -0.0035925983637216542
 -0.0034009580744597725
 -0.0031627089422991157
 -0.0028845357180929433
 -0.0025734106264853097
 -0.0022364595842918663
 -0.0018808335192209251
 -0.0015135866602521038
 -0.0011415634462309202
 -0.00077129545969702867
 -0.00040890954351879664
 -6.0048003322392754e-05
 0.00027019845644354196
 0.00057734466635224989
 0.00085755164290959342
 0.0011076540358769503
 0.0013251746688676194
 0.0015083266701050937
 0.0016560038704103008
 0.0017677603039254718
 0.0018437797823681688
 0.0018848366247953413
 0.0018922487114581572
 0.0018678240922999217
 0.0018138024183636837
 0.0017327924785930301
 0.0016277071163390087
 0.001501696770752332
 0.0013580828398368737
 0.0012002919961889673
 0.0010317925054500205
 0.00085603350349533133
 0.00067638808369789409
 0.00049610093261706276
 0.00031824113354532793
 0.00014566063484270329
 -1.904124383570252e-05
 -0.00017354701729977925
 -0.00031584382258060921
 -0.000444239774104618
 -0.00055737398073573384
 -0.00065422042031204088
 -0.00073408595937730914
 -0.00079660288775339899
 -0.00084171640862053254
 -0.0008696675843018406
 -0.00088097228564528937
 -0.00087639672863772285
 -0.00085693020575775339
 -0.00082375563185731887
 -0.00077821852551453879
 -0.0007217950374435525
 -0.00065605961844110092
 -0.00058265289137639405
 -0.00050325025586973014
 -0.00041953171161324999
 -0.00033315333787418792
 -0.00024572081373004304
 -0.00015876530717047997
 -7.3722002508144757e-05
 8.0885243122705286e-06
 8.5475932856945991e-05
 0.00015739265716130206
 0.00022294332301477961
 0.00028139106451094409
 0.00033216081175069939
 0.00037483966839953892
 0.00040917453992704404
 0.0004350672103590001
 0.00045256709692192802
 0.00046186193783851956
 0.00046326668863149248
 0.00045721091660641359
 0.00044422499180289503
 0.00042492537581008578
 0.00039999930770151168
 0.00037018917929304389
 0.00033627688036678635
 0.00029906837888706017
 0.0002593787820571649
 0.00021801810185520694
 0.0001757779239910974
 0.00013341915260354359
 9.1660975023501526e-05
 5.1171162119082944e-05
 1.2557790637409555e-05
 -2.3637554922104759e-05
 -5.6945071558366089e-05
 -8.6970515862162465e-05
 -0.0001133974942192275
 -0.00013598831207799027
 -0.0001545834507749675
 -0.00016909975955954268
 -0.00017952746703446196
 -0.00018592613009789545
 -0.00018841964955965997
 -0.00018719048988144818
 -0.00018247324598085965
 -0.00017454770280944838
 -0.00016373153357551566
 -0.00015037278018040397
 -0.00013484225485236104
 -0.00011752599530326022
 -9.881789723168756e-05
 -7.9112637899777377e-05
 -5.8798993082214215e-05
 -3.8253637193041631e-05
 -1.7835503110075202e-05
 2.1192355926201445e-06
 2.1301511364753972e-05
 3.9433003793505617e-05
 5.6269054405085756e-05
 7.1600847853781763e-05
 8.5256864956379658e-05
 9.7103624963127549e-05
 0.00010704574541197526
 0.0001150253577619012
 0.00012102092564242328
 0.00012504551991301613
 0.00012714461074911192
 0.00012739344163529946
 0.00012589405345097594
 0.00012277202880213792
 0.00011817302742781963
 0.00011225918295505212
 0.00010520542957099394
 9.7195824420711827e-05
 8.8419927830485356e-05
 7.9069298916397898e-05
 6.9334158890781497e-05
 5.9400268553342142e-05
 4.9446060180730056e-05
 3.9640057439605664e-05
 3.0138610172088937e-05
 2.1083964064302213e-05
 1.2602678426698946e-05
 4.8043986999157101e-06
 -2.2190160462228631e-06
 -8.3940163389268491e-06
 -1.3665547518434615e-05
 -1.7996913246125582e-05
 -2.1369338081481462e-05
 -2.3781253772611061e-05
 -2.524733713599181e-05
 -2.5797329978007738e-05
 -2.5474673427141464e-05
 -2.4334990307866081e-05
 -2.2444449810886391e-05
 -1.9878048726391928e-05
 -1.6717842941819938e-05
 -1.3051161805919392e-05
 -8.9688363765130091e-06
 -4.5634705536801851e-06
 7.2218287034547801e-08
 4.8469652447861999e-06
 9.672409455360742e-06
 1.4464413422099129e-05
 1.9144235521885433e-05
 2.3639544400275506e-05
 2.7885267277370437e-05
 3.1824267437932652e-05
 3.5407849323685486e-05
 3.8596092636291116e-05
 4.1358019654396186e-05
 4.3671602531939607e-05
 4.5523619647533375e-05
 4.6909372092510809e-05
 4.7832273100675143e-05
 4.8303324624288796e-05
 4.8340496342955466e-05
 4.7968023154865841e-05
 4.7215637648985453e-05
 4.6117754202486955e-05
 4.4712621205230188e-05
 4.3041457501214603e-05
 4.1147588477978211e-05
 3.9075596354519113e-05
 3.687049814352604e-05
 3.457696352408661e-05
 3.223858348697442e-05
 2.9897199136517255e-05
 2.759229848230127e-05
 2.5360487460393544e-05
 2.323503981680082e-05
 2.1245528893418242e-05
 1.9417542804451432e-05
 1.777248300340907e-05
 1.6327444837925184e-05
 1.5095177391611508e-05
 1.4084118733468515e-05
 1.3298501650153838e-05
 1.2738524033687956e-05
 1.2400577344648736e-05
 1.2277525971960204e-05
 1.2359029866916213e-05
 1.2631902538926335e-05
 1.3080496360463531e-05
 1.3687107131824319e-05
 1.4432389994835024e-05
 1.5295779048225475e-05
 1.6255903394423246e-05
 1.7290992825189783e-05
 1.8379266918056025e-05
 1.9499301952182954e-05
 2.063037074669441e-05
 2.1752751261176415e-05
 2.2848000562389337e-05
 2.3899191538973019e-05
 2.4891110522756721e-05
 2.5810414738629966e-05
 2.6645749242512271e-05
 2.7387823707937173e-05
 2.8029450076251169e-05
 2.8565542685533157e-05
 2.8993083031454703e-05
 2.9311051784618875e-05
 2.9520331088758733e-05
 2.9623580490356627e-05
 2.9625090101195739e-05
 2.9530614771509575e-05
 2.9347193153573745e-05
 2.9082955567007185e-05
 2.8746924540648533e-05
 2.8348811806364407e-05
 2.7898815363124399e-05
 2.7407420020407469e-05
 2.6885204575860522e-05
 2.6342658489147269e-05
 2.5790010589891305e-05
 2.5237072009359415e-05
 2.4693095160580047e-05
 2.4166650216764923e-05
 2.366552016037915e-05
 2.3196615101207449e-05
 2.2765906197578026e-05
 2.2378379166016274e-05
 2.2038007035922458e-05
 2.1747741502022022e-05
 2.1509521951585536e-05
 2.1324300999285908e-05
 2.1192085151826301e-05
 2.1111989049355309e-05
 2.1082301591320018e-05
 2.1100562151899274e-05
 2.1163645023544383e-05
 2.1267850195629337e-05
 2.1408998577466046e-05
 2.1582529808840054e-05
 2.1783600864267241e-05
 2.2007183746969999e-05
 2.224816068171695e-05
 2.2501415349148596e-05
 2.2761918854495578e-05
 2.302480928726737e-05
 2.3285463901952935e-05
 2.3539563129620564e-05
 2.3783145813064191e-05
 2.4012655240667619e-05
 2.4224975733367141e-05
 2.4417459711935721e-05
 2.4587945336339984e-05
 2.4734764961981126e-05
 2.4856744798235422e-05
 2.4953196280340373e-05
 2.5023899775869149e-05
 2.5069081340103883e-05
 2.5089383310685984e-05
 2.508582958993949e-05
 2.5059786504003437e-05
 2.5012920151206569e-05
